2306.44 276.889 -1.08239 33.2816
2325 2422.61 2.11086 -29.3185
2270.69 1044.84 -4.66021 -7.45914
1584.18 1214.44 2.10911 4.25771
82.5126 2335.85 44.861 31.7502
1294.99 1351.17 1.06481 -0.550559
872.304 866.425 -14.6086 1.18124
2170.98 2282.78 -20.6973 3.25631
1268.2 436.792 -19.2568 -14.9692
2326.43 2336.99 34.3178 16.2964
539.3 2428.72 33.2315 -28.7649
1344.2 2305.37 5.11874 4.63424
704.538 1126.79 1.70387 -4.63078
1231.8 1946.51 3.89855 8.48856
1209.53 1227.63 0.785796 -0.598437
1537.43 664.786 9.63477 -16.0171
278.875 377.749 12.2358 28.4476
145.594 2494.83 6.08033 -2.63452
2486.7 1527.69 13.6669 -24.9468
316.378 2276.53 -7.7691 17.2389
2073.58 980.259 2.49385 -11.2518
2222.79 484.49 20.264 33.2704
1552.09 638.964 16.2156 -14.5436
190.669 1211.66 15.7436 -13.931
924.682 1053.07 0.48409 -2.06873
1484.38 2376.6 -16.5597 -18.097
2433.57 553.896 37.217 25.6617
1865.4 954.263 -5.21647 -5.81263
1466.83 870.605 -2.86369 -0.213022
595.629 767.634 4.91942 -17.61
1399.29 1760.23 5.56663 -4.84003
1224.73 1682.21 11.5433 2.1378
772.034 1222.68 -2.04554 -7.62563
1630.5 2344.36 -24.6216 18.0392
1316.41 1355.87 -2.94875 -1.10576
1583.34 1476.83 6.13882 8.99996
129.019 2352.98 29.1523 -38.9508
44.2148 2075.05 -32.6316 -16.7726
344.625 46.1027 -17.0667 -29.5253
455.266 2156.43 27.7902 -22.8289
1897.72 409.617 19.043 -28.4027
1946.34 2134.56 13.2605 -2.56554
1624.1 173.831 27.0746 -3.85448
498.528 1017.92 7.73904 6.42751
279.795 815.916 -0.601533 -23.0288
1374.38 812.92 -0.461883 10.927
1571.86 1903.92 -11.8602 -7.12396
2090.63 171.907 37.1016 27.2441
1716.94 302.803 28.4228 -28.411
145.138 1100.02 11.9751 22.3754
1713.67 994.522 -14.4169 -0.8307
1891.03 1074.64 2.15755 -12.4742
1111.13 1618.42 9.82566 4.88179
2150.19 1563.92 18.6705 -12.144
948.772 594.042 2.69032 5.79953
2187.27 767.365 -14.6657 -16.5219
1362.16 2192.79 -17.9779 26.586
216.154 772.865 25.0028 4.08353
315.624 1321.87 -11.613 -13.9255
984.664 1977.95 13.4597 21.9023
2386.27 437.268 -4.67424 -34.7749
186.456 2373.2 23.2821 -26.9843
153.558 2008.32 -12.9377 -7.75479
2221.07 908.113 16.9228 -10.7233
1264.82 819.539 -11.101 10.7837
13.9614 164.779 -10.7508 18.9638
386.082 1810.91 4.93515 6.48114
916.342 1717.73 4.72597 2.87922
1569.84 2109.17 24.0708 10.3595
685.314 1460.93 5.90412 5.46303
483.833 1874.49 24.8697 -2.3079
195.907 847.534 29.5394 -3.24229
1104.74 1874.46 -10.5556 3.40231
1661.76 2318.52 24.6416 11.5967
643.512 1708.87 -2.00489 -17.9465
2130.23 1557.53 -3.94759 0.527588
1281.43 2310.58 23.0586 -27.3675
1388.58 2231.39 0.833933 -11.008
1371.57 699.875 -10.5085 -6.13804
2267.19 905.213 1.08983 -23.7885
2011.75 2103.18 -12.5842 15.57
1137.16 1147.96 0.719579 -0.733262
948.36 124.06 9.08781 -17.2882
502.073 147.966 21.9774 -19.9803
1847.45 2145.17 14.2829 -24.9528
1340.71 787.021 0.446124 0.845366
425.439 1714.36 4.58462 -24.4987
1171.33 1651.46 -9.01649 0.0243143
1073.89 416.006 -23.4787 6.30404
1777.85 1007.63 14.8119 -8.77791
1154.25 1120.35 1.31596 4.2664
125.077 1631.08 -20.2872 -11.2668
1679.57 2147.68 -11.3846 10.8413
703.871 1558.35 13.6881 10.7882
1882.42 332.813 10.5555 -2.47533
59.4978 2140.33 -32.2999 -34.7741
215.89 2161.44 -11.3627 -11.1784
1439.8 999.033 -6.82048 5.80831
2032.71 684 24.0704 -15.4527
775.732 1910.67 2.33836 16.4913
480.233 1123.34 0.634014 -10.8406
1547.88 865.255 4.97353 -12.4421
1963.6 1773.2 6.45834 -19.2833
210.301 231.228 -4.03117 12.0242
189.183 2263.99 23.0124 -29.8234
1934.28 1407.7 6.33729 -18.9572
119.904 329.354 -19.178 -17.2727
1602.95 52.6339 -22.876 4.75104
1168.3 142.622 -19.7884 15.6851
1944.47 1261.55 2.47127 -13.0363
1981.8 1456.36 11.3813 -2.84398
1731.05 344.626 -22.579 -11.4066
594.087 1903.74 18.2763 -8.65416
1476.24 366.742 12.6679 -0.168605
117.258 2452.6 -14.4849 39.4312
499.401 1169.75 -2.63526 -13.0419
993.474 2337.76 -3.0389 -12.5633
939.679 716.597 14.2928 14.9576
1884.68 715.631 2.25574 15.9518
1197.71 1802.77 8.14561 -8.75435
678.345 1168.18 -8.22102 10.0224
1520.53 115.75 -25.2124 -21.2913
1850.38 2289.37 4.45787 -2.62732
2287.93 729.349 21.4714 -23.5988
2303.78 215.065 34.0489 24.0789
774.761 1487.83 -3.28843 -9.13105
128.414 51.2816 -16.517 -4.06874
1441.91 1163.46 0.505983 2.54371
1432.05 210.698 -18.4974 -10.4764
62.5649 876.319 29.589 16.0247
1655.22 350.453 25.1351 18.8139
21.0385 130.807 45.1993 -16.3325
756.996 1656.38 -16.5144 -2.73774
710.181 1159.33 4.58782 -10.6084
1308.2 859.108 9.66034 -3.858
929.861 483.469 2.55613 15.3421
658.753 659.49 -8.61199 -21.0335
1225.35 2024.94 16.2783 21.6142
2264.84 2420.66 -22.8411 1.21355
716.754 98.6631 24.6991 -22.2669
724.573 150.434 -9.89464 -20.9081
414.102 2110.66 -8.56432 -24.8103
1608.75 1106.24 -5.64604 3.97218
844.285 120.428 -18.4614 -7.0971
1213.39 186.257 16.5387 27.1874
535.402 2115.39 -17.6541 -21.0196
2102.02 391.37 -10.6804 19.2472
1086.08 2075.88 -6.4962 20.3298
806.383 1483.74 -12.9053 -13.411
2279.15 967.284 3.47211 21.9695
1494.2 53.0364 -28.1529 -7.52074
481.053 208.683 0.716124 26.7041
2002.7 1698.11 19.1442 -15.5357
1142.12 1660.77 0.272727 3.88199
1694.41 1023.39 -3.82672 11.8449
1332.6 937.688 -4.00804 -1.02871
1506.06 272.295 -27.9526 -22.6251
369.195 2444.7 7.83418 -31.0358
2347.98 23.7775 -40.2854 27.0757
84.95 788.016 34.1812 6.09907
685.176 1591.59 14.1555 -10.7444
2016.56 1022.37 -18.3114 -4.05625
2294.73 532.383 9.16797 2.74904
1523.73 1068.34 7.08423 -4.39656
8.52038 1792.88 -21.7949 1.42466
1789.12 1035.54 -12.6656 -4.59631
2321.1 981.699 -6.26189 18.1015
476.568 1021.22 -2.76172 -0.400496
829.472 1354.33 2.931 -4.78218
1859.8 1514.44 -9.8252 -6.96664
1352.74 2487.92 28.0172 -30.3373
1661.42 962.759 4.10142 -4.29726
9.10339 1099.69 -30.887 -9.29475
598.045 537.142 1.74365 20.2896
196.335 829.12 -6.8437 18.8195
1559.02 784.367 0.455659 -13.628
2000.67 728.174 7.1282 -25.4848
174.805 428.028 -5.37814 21.7279
2383.43 1194.36 -25.566 -3.27634
2289.39 758.88 -5.68518 -28.8727
1363.01 1624.97 2.91312 -7.71167
857.518 1697.61 -13.8722 -13.4938
1538.27 122.75 22.2568 -10.192
1152.23 1784.26 -4.40552 5.90962
316.814 2478.82 -23.6918 -28.512
2064.56 1589.19 6.34887 -0.268904
1184.46 888.625 3.32252 4.54641
210.777 2076.15 -34.0744 23.1777
2359.35 980.508 20.0739 -0.722858
1973.32 120.235 -15.4661 -5.33556
1160.6 787.431 12.6489 -10.6997
464.626 609.293 22.5773 3.45436
2042.18 1979.62 -17.183 1.04758
1161.47 261.001 -26.7939 24.2154
1778.18 2022.5 23.2701 -1.29524
1635.57 2311.15 -28.9003 -21.7603
1602.31 191.483 -3.96121 -4.68992
1961.85 941.667 11.9531 0.876192
1603.11 2328.49 -23.5895 -31.3087
2246.76 315.037 -33.6662 -13.5802
756.014 1599.48 -12.0079 -3.12994
1906.3 1015.31 -12.7159 -6.26784
1330.35 302.905 -2.9112 -8.85639
1347.67 268.577 1.56532 -15.7346
2227.46 2487.47 3.64403 0.554968
1982.89 1437.12 -19.083 -0.302747
1272.79 2102.86 1.82841 16.6756
1354.55 2412.56 24.2484 -23.9929
1558.97 127.956 14.9009 7.78449
2111.31 690.788 20.4254 -26.7508
555.616 14.13 14.0788 -18.2565
14.4152 900.842 26.6976 9.33612
1639.34 688.148 -15.5718 -16.8105
1526.37 1840.53 10.5991 6.8915
17.1328 926.799 -34.6803 0.488617
730.339 894.921 16.5457 -15.9517
1304.73 2484.79 1.3363 12.5338
646.604 1638.83 -2.22546 3.83186
2475.36 1354.96 -21.4349 -10.1064
1395.75 91.3583 9.38585 27.6045
1731.22 1754.36 1.52284 16.0823
424.353 423.181 -31.4889 -9.39983
251.468 2082.26 -15.8363 11.9152
2350.84 1866.61 -27.701 -22.3422
2296.72 1752.33 -11.2125 18.1383
915.199 1941.31 -14.2492 11.504
923.098 2103.52 10.843 -13.2
430.917 1741.68 -13.6742 24.0881
1927.87 487.521 -26.1553 -4.06798
1518.62 934.965 -6.09595 -11.5471
438.331 860.27 17.2783 -21.7855
672.192 1835.85 2.2588 -19.233
2390.55 1346.14 8.14016 10.3021
2448.46 2171.59 19.5231 29.8198
564.263 1089.81 -18.0629 -4.81506
1673.21 2305.85 -17.6056 30.3462
1490.33 1100.66 -6.96372 -2.59442
348.514 2390.23 -33.2494 18.4392
1381.13 1223.37 -3.59299 2.58897
2080.25 1818.19 -7.24697 13.9394
1859.88 1819.75 0.190094 10.5822
879.14 905.989 -8.40924 2.45995
1401.06 2059.16 22.6099 -5.02305
1442.91 535.879 8.41433 13.0341
2215.37 1055.62 19.6697 -13.952
2297.25 448.696 8.28228 18.3163
2015.12 2285.79 -11.2607 -34.9307
1650.63 860.653 -7.90426 -10.6519
1138.22 1610.85 2.63641 0.116995
302.962 1785.34 21.098 23.8532
975.924 1303.22 -1.21857 5.72281
1957.28 904.493 -0.949027 -18.5271
1272.06 1096.44 -4.38635 -0.22658
193.826 1694.78 18.1642 -3.13028
1601.19 112.409 22.1601 9.35149
605.457 1544.84 -6.87811 17.2511
1612.51 2291.98 16.8742 23.9038
2407.29 803.228 -3.61608 -3.60643
1170.12 1792.83 -8.38318 -0.789933
1423.77 2046.39 3.552 18.1936
288.748 34.012 38.2139 11.5322
1428.28 1754.67 9.64238 11.8201
2416.83 1120.9 -7.63489 29.498
46.6349 1442.85 -33.1797 0.449606
1744.83 1008.26 -2.12341 12.9826
681.445 2458.14 34.0102 20.1888
894.386 1048.84 -3.95519 -10.9211
195.661 963.137 26.0006 -25.7518
1622.84 1836.26 -13.2454 17.8769
760.851 2312.51 33.083 14.5516
2383.21 895.32 19.9892 3.54847
1989.64 86.4713 -18.2381 -31.577
1016.68 1355.68 4.10196 0.120084
2314.39 1535.61 -12.1518 17.6176
1903.8 1489.32 4.50035 -18.5707
742.608 1863.52 21.0211 -8.78503
1991.66 426.429 26.4014 18.2799
1895.6 1149.17 -10.0449 13.1606
297.065 1362.5 11.1705 -2.89116
2302.49 588.622 -16.4646 -15.6188
1834.65 2296.93 -6.02796 23.091
2228.62 20.146 -13.935 -34.6269
2186.74 2179.73 30.3337 -29.0733
2411.94 269.338 -32.8594 33.2943
260.483 1201.82 23.5407 -21.9299
2002.42 1106.13 -16.6653 12.3844
2186.86 1428.88 10.9202 -12.9808
841.002 2476.1 15.6311 -10.033
785.427 1090.05 6.41246 -9.44053
663.822 1787.35 18.9093 -4.82928
2254.96 574.795 -2.99536 -18.5295
347.802 528.374 16.1674 -22.4802
153.564 2394.72 -4.94829 4.5745
2404.32 1777.88 7.47687 35.4894
2244.02 1967.84 -12.145 -3.961
934.828 2417.1 16.5945 20.1406
1000.87 131.424 2.83036 -22.5198
1473.38 1148.29 3.00335 6.76533
2114.63 2473.9 1.06258 34.4111
878.968 998 -10.4274 -5.64038
196.763 1768.18 -22.3922 29.7654
426.247 1492.08 13.6737 4.84381
1482.85 2492.53 -14.4828 -28.38
831.57 1123.12 -1.32652 -0.343716
679.278 350.887 14.2989 -14.996
2011.1 55.0053 -29.6989 35.5586
2339.18 2268.16 -33.2191 -5.69845
87.8579 940.82 3.78041 -0.982195
1393.15 2321.46 25.0949 -9.99646
1485.08 2297.78 -14.5301 -25.947
1833.09 426.957 -20.6828 17.9971
168.017 2273.92 -37.2741 -36.4007
2268.14 680.268 -6.36261 -3.10484
2204.82 297.443 -2.03962 -15.7154
2357.75 99.6721 3.05011 -35.6972
379.764 378.377 15.2524 26.0901
1505.09 566.635 12.1377 11.762
2248.61 2083.08 -5.13042 18.135
1810.88 121.61 17.3428 9.9035
1160.08 512.085 19.0197 7.96646
506.727 1679.87 19.2693 -22.534
1747.55 360.958 8.57344 14.2149
44.3066 1826.67 37.3095 -10.1585
142.644 1706.64 -26.8083 -30.427
1476.35 1838.8 -1.74564 0.514282
1127.67 321.04 -12.7318 -21.3917
719.703 2062.42 -23.5003 -0.989469
909.672 2196.63 3.473 -14.6121
722.957 375.17 24.0758 15.5198
54.3222 1961.74 15.3253 -23.0884
88.8427 356.502 -13.673 14.4006
1330.38 1105.6 1.60581 -2.18704
568.797 1318.2 -14.875 -3.37797
1569.82 85.5701 2.01174 -32.0395
1452.17 2431.66 28.6733 -15.7692
1896.56 2384.67 6.95386 -23.6679
496.211 1753.88 -3.97027 -16.8291
931.158 1817.13 -8.80505 1.73179
2083.35 1289 0.711229 20.2856
1612.26 1873.7 -10.2917 -7.58085
482.443 2049.23 8.94483 13.3344
524.919 527.518 -14.1374 26.1121
2337.62 1245.86 0.109914 5.5171
1966.02 490.106 -10.6508 -25.4864
208.287 186.201 -35.9171 21.9874
1968.12 1744.46 -9.75077 16.5342
1472.33 160.576 -6.13311 18.1974
626.595 1572.98 -16.5553 3.30495
2346.04 1223.36 10.5467 -14.3817
928.914 1125.4 -5.27891 -3.59437
790.136 2339.52 -29.4285 -13.4335
1345.37 1068.68 4.32939 5.51441
41.1008 517.636 20.2697 -38.4985
1347.32 1525.01 -7.07459 2.98122
1077.1 1517.21 8.39818 5.97238
174.693 1915.57 -7.40731 14.9315
1662.6 124.155 -29.0512 27.7032
2466.53 25.7943 32.497 -30.7913
1361.3 2435.03 13.9521 -13.0831
763.151 540.395 -21.5844 -0.79155
596.594 1919.46 24.2897 18.2831
300.13 236.834 13.8974 16.0515
2211.27 1612.64 -2.92559 -20.7852
760.565 2468.35 -12.2889 36.7539
2298.78 1874.32 20.9117 -11.9128
1641.35 2457.92 -1.63195 -10.4836
1171.28 534.127 0.280742 -19.8084
1129.83 1161.93 2.49019 -1.5797
33.4528 1791.93 36.8419 3.40621
367.071 1331.07 17.9971 -14.1217
556.598 909.023 -17.5696 19.4339
717.758 609.616 7.62081 9.50073
1660.49 2051.65 -0.861295 0.517111
1101.33 2273.74 -27.4259 -27.6467
1718.82 2040.14 -8.49429 7.10894
1693.22 1240.01 3.33747 -1.69936
2323.16 104.512 9.60676 39.7426
934.539 1582.22 5.94154 2.13806
1246.12 645.067 -1.52533 -5.74685
1051.24 708.733 9.23902 11.1738
2420.53 353.885 25.959 10.181
2240.86 42.3117 19.8744 4.24986
2382.79 2023.49 -16.7367 -33.5831
1682.41 1310.12 10.9092 11.7835
585.52 1169.51 7.23932 18.915
1763.99 2288.88 -28.5152 8.09312
1186.91 1971.58 -13.1143 -10.0306
699.175 575.246 -9.13295 18.431
680.869 468.578 -23.9726 -0.489989
1080.37 1060.18 4.1812 0.553469
1056.93 877.903 -0.375165 2.86423
1792.2 175.963 9.32844 24.8877
2261.31 969.307 -15.9195 15.2671
322.809 194.133 16.5088 -26.134
922.812 141.031 -20.2102 2.87451
15.5825 1412.74 -4.8676 15.5014
1517.87 1937.61 20.6592 -14.1248
2314.66 1823.73 12.8941 7.87934
168.942 2056.69 -26.4363 12.6357
2282.48 1250.64 -4.72752 3.03496
1543.1 350.608 -17.4445 -16.75
1545.19 1219.42 2.45755 -6.1438
21.0955 790.955 25.7427 -22.4952
2024.72 824.5 11.2232 20.506
1526.83 2474.99 9.07939 -28.4957
2175.31 1019.18 -23.96 -16.8718
1697.67 1322.02 7.20264 2.30614
1654.79 1545.83 -8.93707 4.38267
1004.97 149.015 19.6421 19.7092
1659.47 590.367 4.93916 9.69675
367.711 450.247 -18.4109 14.7778
473.239 1969.09 -23.9191 -22.4972
2313.81 160.324 11.932 -13.7932
238.39 2368.52 -17.638 17.9895
1954.8 1794.09 15.5815 18.8955
338.829 2402.81 23.9244 -7.80149
2291.44 459.279 -35.1629 15.291
1180.38 2307.24 22.9527 17.1111
485.553 1395.64 1.71097 21.1975
1547.66 361.962 6.47173 -16.0766
490.623 1918.07 -24.7281 -13.5178
1867.9 1550.49 -8.44038 -9.47693
744.243 1410.72 3.9805 5.67189
293.043 1503.59 5.93021 -16.9998
644.045 521.17 7.52643 24.4864
206.358 21.5975 33.7304 10.4639
63.0413 760.91 36.253 26.2071
2098.99 2196.07 -2.98165 -3.19981
893.75 833.711 10.3183 -2.11838
1837.76 691.734 -16.7095 -6.6673
2382.61 1565.59 -1.71931 -9.79116
1193.12 52.5133 5.69487 -27.2326
1924.57 277.011 -9.44922 27.7299
1222.2 1383.72 -3.13846 -1.17994
442.073 1679.97 -20.116 8.60579
420.801 452.235 -12.0933 -0.165266
1227.8 2281.37 -1.83054 -4.38248
600.706 1428.67 -4.1044 -2.76241
1671.99 1657.64 -1.22666 -10.753
2280.06 464.491 -3.09678 -23.2721
1681.73 1546.86 0.750158 -8.76446
1652.09 2058.96 -12.3737 19.2278
2450.06 404.915 -34.8358 6.23792
1012.99 2265.29 -27.0642 -18.8847
2002.42 956.092 13.925 6.69593
2061.69 649.906 16.8086 4.46854
2304.92 2118.88 -16.5479 28.1607
1413.58 350.297 3.11698 -21.4942
1296.92 1229.55 1.17374 0.413548
981.472 1386.24 -4.74557 -1.33861
2248.68 622.503 17.1916 11.7368
449.184 1965.63 -4.58208 -20.4098
587.151 966.782 -15.0808 5.67244
2322.82 2263.92 0.490251 -20.4618
2268.33 1798.67 -2.24235 16.1075
221.893 334.226 0.657977 -13.9229
344.283 2160.44 27.0934 -14.5655
1397.5 164.544 -26.4846 -23.1267
2110.68 2220.95 18.6785 -6.97049
2017.38 1871.69 -13.5287 -1.04436
339.662 2472.11 40.6386 19.2083
1470.05 675.698 7.92309 -7.6517
2298.91 1084.47 23.6079 -19.5848
1387.68 197.402 12.8543 -1.48543
1205.62 1822.49 14.024 -0.301711
2086.95 1580.93 17.1141 -3.52057
2411.7 403.224 -21.5992 -0.393221
2281.07 1591.55 -2.59106 -20.3381
756.564 2067.98 -21.3781 6.37348
1807.18 1049.15 -16.0963 -8.87364
1950.2 229.768 -29.0346 -13.6817
2370.79 687.454 -3.42072 -3.11025
746.647 1618.39 -16.2172 3.15102
1968.05 195.243 16.3607 13.2156
1226.78 2307.06 29.5842 -10.0244
165.513 2224.46 -38.0646 -40.4641
1273.68 969.555 2.62684 -2.30649
2242.83 1566.57 15.3948 12.9695
2453.54 588.626 30.3837 25.4784
1381.62 896.432 5.33882 2.3688
48.2863 763.043 -24.0503 8.53695
162.422 1593.17 -8.56301 7.96981
744.812 790.793 -11.2485 -8.92994
394.584 1886 9.46066 -1.82512
1103.3 1914.18 -15.8654 -5.45831
819.385 2415.7 20.7933 -19.1513
12.575 1381.89 -2.86895 -4.41405
143.256 2049.29 -9.52467 -21.6221
87.5971 865.629 -5.06514 -8.32296
719.6 843.048 -11.5603 -8.81914
2347.37 2174.03 11.0261 34.7483
1121.15 1136.27 -1.5635 -0.761997
611.317 111.919 -17.8825 29.809
2110 808.701 11.5291 -10.8216
988.117 1241.32 2.30053 -5.72479
348.032 540.038 -2.31478 -0.307086
869.966 1151.04 -1.46742 -4.858
1434.53 1363.76 -3.5334 -5.11766
2115.06 1268.04 -23.5164 -2.71938
1041.05 2229.37 -25.2114 -13.9751
1110.46 1285.31 -0.581604 -0.291815
962.171 2268.02 28.0712 -27.6751
730.87 277.629 -14.8657 30.1983
1385.6 1165.63 3.7728 -1.12657
1942.53 130.157 14.23 14.3672
349.267 1323.02 2.90617 -12.2907
1688.43 2107.55 25.6496 -23.3359
1053.55 1444.26 3.45741 6.89533
583.024 1775.36 8.56735 4.24047
2025.58 1573.67 15.8639 -23.6092
1028.58 918.957 7.90995 5.81385
629.387 905.354 13.424 -1.73035
859.061 819.619 0.10991 -4.2251
2039.68 2396.05 2.14742 -24.8638
1752.21 69.0402 -35.182 -31.7038
2094.16 1996.5 28.7215 -21.28
1117.62 2185.89 -4.7773 3.37049
940.353 2120.33 -4.03756 -18.7993
1568.45 681.033 7.88341 -9.75738
1270.23 1452.95 -2.84811 -5.35957
2039.39 1702.41 10.2516 25.6977
2172.5 884.467 12.0364 -18.0216
1016.46 1007.39 -2.41655 -5.27887
1511.5 981.725 1.57603 -1.54672
1685.53 1575.2 0.337449 8.45096
1188.26 1431.04 -4.74124 0.7753
2244.61 1692.77 -11.0106 23.5527
1780 2086.78 -20.6569 -26.5454
1004.46 1934.99 18.2374 -10.4284
1929.39 1914.21 10.56 -18.9235
459.705 18.4895 -11.0095 -32.6655
2491.64 706.506 38.3238 -18.2728
1799.02 598.228 16.7373 -13.731
716.984 1569.08 11.5531 15.5703
1282.68 385.565 -9.93575 -13.3519
9.81344 1543.55 -22.2348 -34.0879
1220.91 1163.32 0.516861 1.38853
1079.17 15.6345 32.0706 34.1068
2145.12 2424.13 14.4019 -31.629
1854.35 2183.79 -19.9929 -19.9062
33.9643 1820.22 -30.9401 -34.1546
286.88 1063.34 -7.82608 -7.07673
839.771 1794.57 -7.5347 17.8939
1981.2 1072.23 7.43984 -13.1014
956.253 1240.32 3.465 8.25415
1713.05 71.5295 23.1915 35.0934
1185.88 1180.63 0.795979 -2.57992
243.517 1855.09 -32.6521 10.6268
1254.53 1192.59 -1.31708 1.36758
717.292 1119.16 9.62951 -6.51754
45.9893 1576.06 -34.8383 2.41705
122.889 1885.14 36.2868 -24.7907
949.729 2296.43 17.7688 22.4049
2386.94 1088.61 -26.2037 0.315835
653.454 1321.33 11.5893 -12.4136
1507.29 2480.63 -33.4512 -18.5623
661.139 2274.84 10.1963 -5.2694
615.968 2206.62 1.63794 12.9627
345.489 1025.7 -7.00521 25.816
2418.48 701.647 34.4946 -27.3452
2160.51 1205.89 -19.3251 -4.89898
2455.41 2415.29 -6.3171 10.8087
857.637 288.377 -22.9829 -24.8281
2330.26 2461.51 36.3937 17.0818
2048.56 471.733 2.12028 29.9462
631.116 1913.81 10.3077 -20.1242
1512.49 593.262 -15.7545 1.49208
2027.6 1666.83 -14.8627 20.891
2379.96 2173.77 -12.6566 4.96444
192.961 1118.74 -5.4995 28.5089
433.607 63.8827 13.9442 -31.1873
1770.34 519.722 -10.6749 -11.6584
1823.09 2449.05 1.01094 34.0154
20.3688 277.751 9.17212 28.4859
2074.24 1793.1 -15.7719 8.80665
273.454 787.126 -11.8958 -6.67569
2158.81 896.226 -6.94166 20.8765
276.255 1692.63 -20.3202 4.35399
537.247 288.293 -33.41 20.2144
978.33 1291.42 -2.14988 3.6515
1481 1852.31 -8.42755 -5.17628
1012.46 533.589 5.21339 9.13541
107.797 822.957 4.8182 -6.46628
1219.1 1407.73 2.07419 0.648371
1965.09 96.1033 18.7097 -19.7519
1500.92 2185.55 5.83687 3.19075
539.262 232.167 -27.4795 12.8275
2198.24 2471.35 -13.783 -26.0942
2249.09 2209.57 37.2498 -16.9887
2058.63 434.414 -26.5497 -1.35356
652.161 1201.38 13.9638 -13.9773
2020.65 1270.63 8.73125 5.65606
1140.76 1455.32 -5.05078 -3.62843
1245.38 1185.86 0.892216 -0.874744
187.109 634.194 -24.3212 17.5716
101.281 744.359 18.4977 -27.6614
1287.47 734.144 3.99618 -9.05185
407.391 556.817 10.3181 15.3458
1391.7 1251.75 1.39428 0.999807
1818.35 2186.88 12.4707 -1.33518
567.41 1294.31 12.9822 -16.6063
1643.08 818.368 -3.31934 4.62035
713.872 2229.91 -25.9488 -31.0495
1757.45 541.083 21.6409 -0.553453
954.69 627.501 2.49563 9.09178
87.046 2150.39 -18.0935 -2.28687
1318.28 2158.04 20.5069 19.7962
701.495 955.01 -15.2706 -2.96926
2172.38 1571.11 15.0383 7.99363
262.154 1738.69 27.1184 25.0084
2277.45 2323.45 -6.27362 -2.75781
2122.25 1514.66 -22.3771 -21.9288
1201.95 126.061 -0.552436 -15.2231
2483.56 2127.11 1.6487 -11.6855
1488.49 1911.9 -8.44867 -13.3086
2312.28 1344.02 -0.474104 -13.0598
2401.42 1187.77 16.0252 -8.23957
859.808 1555.83 2.66126 -13.8969
468.634 1538.45 7.90101 2.6824
1473.68 1501.03 0.0602022 -4.13714
1563.97 2071.34 -10.8175 24.3188
2356.86 1174.84 0.512225 26.4438
1983.32 657.425 -0.402563 -25.6844
1249.4 409.623 4.44099 21.314
344.184 904.656 15.0283 -13.1519
2226.92 2037.46 -27.4822 4.17431
364.878 380.406 -9.75461 21.1298
2041.13 2071.07 -26.4688 -5.53763
1080.81 2481.22 34.0232 -11.8157
2045.79 1242.21 -20.7026 -20.4257
2322.8 2088.84 -4.59899 -19.8012
1955.95 644.775 -1.99136 2.11853
812.828 1164.53 7.28287 5.93134
2411.39 1844.79 -9.61567 22.723
1295.3 615.691 15.4671 9.14455
1680.65 237.256 24.7031 -30.1083
232.284 2317.24 39.9849 -40.1614
753.403 1140.76 -0.885309 1.31797
362.668 1122.7 -19.6383 -13.3407
2016.2 891.261 -22.6968 11.31
837.239 1103.86 -11.7026 -5.31904
2439.98 2152.09 -4.83645 -6.95404
1647.13 2239.69 26.8735 5.66817
1658.46 186.407 12.2498 -25.9949
1518.61 1117.6 -5.74388 -0.378909
2026.88 933.292 -10.8206 -21.3891
742.55 617.468 -8.43402 19.8563
1221.19 1567.58 4.30696 7.85159
508.966 2098.75 28.6032 4.79328
587.06 395.854 -12.9008 -1.23979
992.072 1643.91 2.64082 0.727054
1206.29 1105.26 2.79579 1.01964
1414.5 2064.16 -20.5363 2.76917
179.157 2321.2 4.72341 35.5404
1849.19 303.721 -3.68536 16.208
628.603 1971.15 13.3248 -25.2528
786.572 1903.94 -14.7077 -22.357
1935.62 655.662 -10.9668 -18.7195
1152.49 852.742 -6.23941 11.3108
778.579 1787.67 -8.48382 18.0339
570.845 1495.88 5.42729 6.52414
882.284 220.463 9.51441 -8.59323
1527.32 683.374 -10.4504 17.3802
827.17 1624.43 15.6432 -9.08461
1854.13 1208.44 -0.963668 4.75159
719.296 1967.32 7.16522 18.7809
10.7982 1657.8 -34.9475 33.5958
1332.78 149.67 -25.4842 -0.267485
1314.7 1827.66 3.52984 4.33225
473.364 2420.72 -25.3227 14.7506
973.275 2177.79 -24.7156 24.2789
1524.08 2169.18 -8.30266 -26.0039
2467.02 2042.84 -0.929601 37.7081
2144.31 1708.23 -12.7783 13.1747
102.561 1865.34 26.7813 30.0747
827.546 679.553 1.44452 5.25738
736.823 378.559 -17.2152 -18.2928
1683.15 2192.64 -2.61531 25.0872
1686.91 327.548 -1.74745 -18.0195
199.897 528.943 -20.2553 -4.86879
1286.41 353.642 -19.3313 -18.7522
1968.29 1331.12 9.87412 -16.9644
740.811 303.412 -4.76125 -12.4151
2205.28 657.536 20.412 -15.149
947.4 1232.77 0.282249 -3.53423
2261.82 2299.65 12.6214 -21.6705
729.705 73.6914 7.38859 -5.27643
526.672 1384.04 1.97494 20.1621
1374.5 656.165 6.47905 10.5399
585.175 164.455 -11.5043 -21.3146
1671.2 82.3223 -3.36657 -13.3804
2239.64 1812.8 -21.6157 -18.0626
2492.12 866.504 20.3133 -32.1446
504.325 834.435 -2.17633 -12.9617
1741.04 1820.81 0.79796 -3.27
1953.08 2278.9 -23.6028 -12.2951
209.299 983.328 -15.1059 22.3538
221.974 744.942 -21.9806 13.5047
2408.92 295.96 -33.7046 9.50994
722.976 818.276 15.5422 -0.549792
806.072 1497.12 6.16909 5.5017
1853.02 1553.71 -2.91121 0.984469
1611.4 2436.66 11.5531 5.15688
1929.68 1219.67 6.78948 6.25736
973.703 884.311 -3.71142 -2.71673
900.467 627.35 10.7291 12.0963
1138.86 2358.91 16.2497 22.3986
2015.32 1892.72 3.16978 15.2302
266.635 904.815 7.40512 10.099
450.984 2456.58 -21.3501 -25.6875
476.962 2064.02 -13.733 -16.2155
1772.71 1324.5 6.91151 6.40499
541.831 1855.6 -8.73768 25.6291
1025.81 135.741 -28.6785 -12.0351
1594.68 720.682 14.965 11.7004
1627.55 134.082 -7.32906 -2.30598
299.897 1197.9 -18.0807 20.3017
2026.87 1993.05 27.0828 -10.5117
1734.79 2054.63 23.4833 14.7955
756.184 1847.1 0.650692 -6.25756
1842.45 1664.65 -16.9838 -12.4119
938.019 133.553 5.53229 6.87415
1350.83 1731.05 8.96546 8.38794
778.02 2179.87 -20.2991 -18.0854
407.046 2370.22 -31.199 -1.46418
1183.8 1190.65 -0.355567 -0.725745
1848.61 340.824 -1.87918 -20.8815
351.582 2288.24 20.3689 -4.65041
1760.34 1563.41 15.793 3.71006
406.657 1581.5 -11.4141 -11.3449
231.807 2124.51 -0.28474 -34.5168
1299.27 2438.35 -30.1683 3.80333
2407.91 828.011 -18.702 -5.29762
287.713 1296.5 14.8694 25.672
2197.49 1157.36 -24.5055 -6.88468
257.085 158.895 41.4037 31.5449
2431.76 383.925 7.37687 -23.7858
1523.65 1758.16 -4.15969 -9.00002
730.875 952.514 -4.8372 16.7854
798.61 1174.04 10.2682 -9.39387
2081.4 1605.98 2.62081 2.62665
1895.71 1863.81 14.9514 3.89538
884.629 69.7859 -33.6355 20.8955
1858.23 523.329 4.79422 -23.6552
2159.48 1293.17 23.8197 10.5673
1695.81 1967.94 13.4312 -7.7442
2108.96 1588.91 6.98161 14.4841
1496.81 127.114 -1.47731 -27.0304
1886.98 307.037 -24.1243 0.180985
230.931 1237.76 28.58 -14.8484
1792.63 1210.29 -1.4982 3.13331
188.542 538.837 -33.6719 -11.2032
960.655 1889.39 -16.1141 -2.42335
170.697 2410.5 -40.6505 -37.7636
80.8366 913.552 19.3624 -3.7772
1585.3 637.001 -2.41263 3.57383
686.561 1278.06 -11.7047 -9.47935
1947.57 469.828 -25.5121 -6.27905
430.818 357.306 10.7005 -24.8827
1926.42 132.225 9.17374 23.2745
123.097 1940.47 -9.7344 24.724
835.953 320.388 -3.69251 -16.9101
1928.07 31.2327 17.3618 -14.2114
202.684 1362.66 7.37316 17.4351
1794.98 809.632 16.2451 -0.298326
1264.13 1811.48 8.54109 11.4116
877.449 1901.59 -14.4933 -2.27797
1178.09 1987.21 9.21566 -2.94971
941.217 2334.99 4.02428 13.4129
648.341 2195.72 6.59782 20.2849
1704.33 1864.1 14.7129 20.6997
1852.71 2462.17 -26.1221 -4.44158
736.117 1379.5 10.0914 -12.5912
128.96 1521.06 8.03528 -15.8807
1831.71 2418.59 -19.5771 28.437
350.153 399.489 11.0316 12.2332
571.984 543.063 8.32141 -18.0457
421.499 1547.65 15.9711 12.689
531.339 707.797 7.88077 15.0683
1655.6 1515.91 8.15582 5.0146
1479.07 2012.7 13.5911 -16.1115
1880.16 1792.97 -22.9321 -11.5537
1803.75 449.988 17.1324 26.838
1992.64 2139.76 -15.6435 -27.7005
753.039 1386.31 7.86033 -12.3946
957.062 1179.01 -6.09615 -6.85244
1716.03 1449.27 7.58754 1.27578
1462.91 2371.45 -30.8837 -23.2299
30.7637 1560.94 4.72186 -1.29282
2139.46 630.758 24.6034 19.8391
1076.57 1192.21 -2.77272 -3.60221
677.045 1625.03 -15.107 -1.78648
1475.99 648.711 6.38528 12.4297
661.123 2405.15 1.31308 17.6247
17.7942 702.98 -29.5277 11.8782
1149.18 1567.33 -4.30202 -4.18105
1133.13 2098.61 -8.18426 1.9682
1817.9 1616.52 14.1027 2.71466
628.81 1560.75 6.47081 13.2589
1596.53 792.023 2.29373 -5.55176
2383.54 922.005 -9.32368 -3.60175
1160.46 879.413 10.0921 -10.7076
2396.23 1370.01 -30.0303 -1.91225
1132.18 444.961 -3.02168 21.5583
842.272 2228.21 3.97589 29.7422
1391.43 76.2543 30.6521 -17.7994
1570.42 1252.22 -5.24979 4.59078
2470.7 629.272 -31.2226 30.1516
933.824 1367.36 3.95162 7.48256
894.103 1526.42 -8.04728 -11.4466
1619.51 454.653 3.01462 -16.501
637.883 1288.77 16.7068 3.50034
113.961 1577.03 31.4555 17.9527
1593.57 753.759 10.7223 -7.62188
1621.04 953.289 -7.37755 -12.1621
1393.5 1359.34 -0.913945 -3.16145
1852.51 774.154 -18.6943 2.73821
930.555 157.334 -4.13036 2.3928
1259.21 1963.68 7.57465 -14.8039
1463.08 1735.71 -9.74179 3.47333
143.438 944.153 10.0488 -8.1199
462.52 202.314 3.88309 34.8731
2119.23 2040.69 20.9439 2.9347
2448.36 2266.3 -29.1746 -12.5827
984.448 1760.18 15.7832 -1.8861
1698.51 437.297 17.3051 21.5096
392.349 1369.61 -18.7599 -11.1816
2470.73 2482.7 36.0029 -14.9341
994.234 2058.87 -8.66781 -13.0301
1760.82 351.901 -24.399 -9.05251
1218.46 30.2123 -31.2247 -29.308
1284.88 1701.03 -6.10198 12.1397
1964.05 913.7 -22.0576 -8.81979
43.8135 2189.61 -42.659 -28.0688
666.834 957.028 -4.96581 7.26923
116.677 414.627 -5.42036 10.8491
1965.82 1595.47 -9.7938 -12.2456
630.847 136.746 33.4574 -16.6723
1700.06 2430.41 -27.6044 21.8529
91.2002 745.328 -1.19785 28.7131
859.816 1366.73 2.44502 8.46714
449.365 1750.44 26.3501 -4.19547
2030.39 1063.89 6.41979 -20.7439
1618.9 1362.63 -3.57782 -1.64789
1722.2 1468.79 7.30068 4.92763
1569.09 1805.14 -17.4511 4.14642
489.823 267.545 -16.527 -19.7961
1093.67 524.591 -1.90486 -16.0208
790.104 568.794 23.0889 -16.4592
1518.12 1810.19 11.7753 0.387227
2176.97 713.259 -22.4503 -25.3918
1361.92 1475.02 -1.00257 3.85796
241.516 1405.38 -8.81032 18.4687
2190.25 85.6683 -23.6973 5.9168
2363.59 2407.55 -43.1467 -39.8523
170.219 2263.78 0.752014 25.6412
34.3611 1403.71 21.2894 10.1205
927.848 1769.46 7.94702 3.94912
1214.49 1143.78 -1.42891 -0.678689
545.565 1266.55 -10.1362 11.114
571.239 2239.87 -25.228 29.6039
774.664 1316.31 3.71573 0.467491
2176.77 1997.64 -27.0641 -26.5318
611.388 40.7302 -33.1125 -38.5764
2177.29 1921.4 27.1331 -15.9053
2458.81 970.25 25.4935 -31.8665
1870.13 1792.26 -1.07159 7.8142
1770.81 235.097 26.5143 -12.5162
1674.8 280.102 -8.67144 -22.2477
1636.61 717.452 -4.88831 -6.10185
763.075 1106.86 -14.0561 -13.2768
1571.13 1704.97 -6.71455 -3.52081
1216 1184.47 0.564746 -0.0456425
2356.12 697.539 11.147 34.4111
267.02 1420.75 11.9239 -18.463
2139.07 824.813 -15.0966 -8.34326
2263.19 409.42 -15.128 27.0644
1560.46 256.601 16.3496 22.2693
2453.93 2093.76 -30.8049 19.1959
1655.63 84.2228 5.52162 -0.367692
917.802 814.086 13.8515 0.748828
1618.83 1044.27 3.18298 -7.35974
538.508 141.419 18.9736 -18.9212
2462.47 561.516 -7.29239 -14.8385
227.476 1180.75 22.1275 0.389787
442.013 331.254 31.8217 -18.6667
601.408 443.163 -7.16848 -2.16545
2124.97 1869.41 -27.8778 -10.6985
21.2233 251.963 -0.543689 22.5693
2289.98 924.165 8.97733 -11.8175
939.646 1760.41 14.203 -5.86937
2279.92 774.317 -31.8603 -8.45535
1217.95 1945.5 15.0606 19.6034
1162.7 1726.07 11.8248 10.1314
1148.95 1896.06 -15.7875 9.57747
2159.28 2254.72 20.3255 -19.7322
942.519 83.9674 -17.2761 -17.9602
2010.62 396.026 -6.641 32.2626
1135.68 348.175 19.089 -17.909
1153.79 927.688 1.02188 3.85906
2214.85 384.437 -3.75703 28.7412
1115.85 75.934 6.52577 -14.9732
2300.62 1377.48 28.9772 -24.7088
568.742 1660.66 -18.6548 -8.61831
908.956 1831.93 -13.2692 3.25423
2291.7 1506.63 -12.2831 9.51557
2483.51 635.627 5.98117 -31.4129
1051.49 1362.98 -3.37935 1.49811
2367.78 1689.75 7.32714 7.62412
1893.95 2227.48 -10.0529 7.94387
1096.49 421.927 17.5913 -12.748
1108.15 2424.9 21.2032 6.36158
1035.26 1107.49 -2.332 -5.1077
252.192 49.9461 -34.8261 -28.2179
1160.98 402.619 -20.9977 13.8465
247.367 1002.51 -0.589366 -18.3655
2383.98 2193.29 5.1006 39.5061
300.516 298.877 -18.5967 -16.8495
201.296 442.071 18.2726 -1.53958
646.996 1828.14 -13.5349 10.3815
60.584 231.414 -14.6948 27.7675
282.651 923.971 20.3896 14.9084
1080.19 555.657 -8.40307 15.653
485.851 1198.89 -5.50064 -9.96897
144.804 961.413 -21.8691 12.3196
1430.21 1887.32 15.2057 -8.75069
1456.65 442.15 14.3699 -9.67174
333.572 609.019 -25.2313 19.3287
1244.26 1332.51 -1.24143 -0.111315
1272.56 2322.11 -14.9689 -23.3522
512.44 1191.52 -2.67681 20.4958
1439.6 953.889 9.28325 1.13417
1952.91 1840.23 24.7832 23.9184
1605.32 704.239 -9.94798 -2.20399
1386.55 1412.31 2.74709 0.386154
2491.96 1225.18 -10.9771 7.31865
1223.49 1117.75 1.43503 3.13445
2114.62 1015.88 21.6782 -17.1175
7.91624 2474.85 -16.5115 48.3508
1037.33 444.002 -8.10971 11.3889
997.231 1790.86 -3.57147 11.8874
684.273 1543.28 -8.86641 14.6757
160.653 2352.3 29.0588 -30.0224
627.214 316.142 27.1059 29.6593
647.908 205.358 22.6088 25.6442
263.62 2039.5 -32.8108 -32.4078
1256.58 826.04 10.6614 -11.2483
1839.63 199.899 27.801 -13.9335
2160.23 1766.38 23.8856 20.362
212.51 656.481 -32.0907 18.0773
1950.42 1880.6 -0.98848 -6.93378
275.533 1473.13 15.7229 17.8717
1212.83 1455.97 1.06798 2.92094
767.733 2240.92 21.8635 -27.457
839.521 2085.03 13.961 -13.2837
1617.65 969.385 -11.4705 -9.03891
259.695 328.91 -21.7567 -25.1169
1081.07 1851.91 -4.21747 -8.22194
2424.14 1772.31 -14.4169 -10.2613
2122.27 1668.41 -10.7698 26.2902
2277.8 1225.71 13.9791 26.6572
2414.02 1004.54 23.6133 8.17677
949.659 2402.94 16.6899 5.41193
897.445 529.216 -9.23351 16.1462
199.692 1052.72 24.1287 -26.1606
1197.23 2328.02 -5.78072 18.9763
2430.55 1937.55 36.7412 -17.5084
893.533 1465.01 -2.56913 -10.2189
666.692 1623.38 -11.3744 17.2091
1780.17 1245.05 -4.57226 11.8349
144.335 790.845 -17.0346 -9.12934
580.6 1916.56 25.0856 20.3664
2369.12 1436.53 29.9191 -3.37225
1661.25 762.836 10.3415 17.3386
980.344 2213.66 -1.36859 -22.9035
2429.03 27.8402 -15.2868 -26.2484
138.724 815.893 25.9417 19.2003
1805.73 1560.73 -13.355 4.72668
877.93 445.007 -18.3764 3.5849
2066.99 1424.06 0.35705 7.86051
1846.27 2443.56 22.312 -1.43215
1564.86 1102.63 0.959564 5.12961
98.1162 690.195 -17.9171 -26.1626
1199.33 802.714 9.022 -4.99893
1299.12 381.211 18.2096 22.4775
580.018 1082.96 -1.36758 -15.3643
458.013 641.499 6.38922 7.23935
792.036 349.294 1.95174 20.1343
86.9796 303.937 -42.3064 -30.95
852.134 2039.27 0.67855 -15.8166
1823.22 277.6 2.77271 14.2709
2352.76 2494.96 42.7425 -8.87677
2098.77 1917.35 23.3924 14.9795
74.7656 225.733 -15.3517 2.86454
1891.42 1996.98 -20.1198 -22.4295
318.691 1387.74 -8.54156 2.73414
339.417 1001.66 0.413758 17.7891
1485.3 96.3168 30.479 -2.96724
1830.04 2353.49 10.5059 28.5327
881.07 141.513 15.9878 4.47346
1677.87 456.712 1.59274 -21.0528
2002.7 2060.66 -15.4098 -12.3434
393.478 1766.23 21.8683 14.5103
1600.09 1753.69 -12.047 -10.0258
777.446 1264.71 -4.23912 4.61089
311.441 1406.05 -16.7551 -5.96688
1454.23 870.49 2.78387 -5.25851
302.909 2357.49 31.1421 10.3495
1361.28 450.503 4.53929 -17.9287
755.061 549.801 -0.906297 -10.9224
1783.53 1856.43 -15.3548 -9.96832
1772.42 1056.99 10.9744 -9.88793
1932.52 2247.47 10.8357 -31.5635
872.922 915.471 7.50557 5.07205
2371.85 1303.22 22.7886 -9.81324
555.604 510.206 -10.1654 6.65722
382.865 1337.17 19.8155 16.2614
1771.07 1174.74 -4.35401 -8.0221
2194.11 2141.39 -28.3262 -30.6981
190.256 2070.84 -26.0424 8.29606
140.499 868.279 11.9003 -2.80903
1276.97 1868.6 -14.4602 -3.36073
1325.66 636.315 12.0011 -4.89546
231.156 2435.18 44.1973 -5.52359
1947.44 706.837 13.9966 1.42671
2160.78 1101.11 23.5488 7.02047
2320.93 1056.46 -30.0899 23.1214
1117.55 1504.29 -4.47313 3.70886
1030.57 673.105 9.58902 12.2929
386.726 101.455 25.748 6.14255
102.84 1697.31 27.924 -1.15595
1151.27 2377.52 -3.13584 -8.3738
1381.89 103.217 -8.96235 -3.93987
2367.57 2138.92 -0.919129 1.34649
378.1 2011.1 3.11986 -26.0141
1708.48 2282.75 7.26654 14.2905
1709.76 329.814 -14.0455 2.42279
2040.86 209.306 -28.5796 29.94
924.9 2001.73 -16.1298 -3.236
246.992 318.537 -36.9258 -7.20209
1102.85 1972.4 2.5009 5.57898
1664.33 2408.41 -20.2901 23.8176
156.145 2018.56 15.5775 -7.19769
2481.71 886.805 -5.85875 20.6871
2258.88 1075.78 -1.92418 21.4519
2420.01 366.63 -11.2958 23.0998
2488.06 815.714 20.6375 35.3027
1120.83 1243.9 0.749277 -1.8397
65.4696 1195.68 -12.0876 -11.5791
1149.87 2273.37 29.0469 9.09415
1415.86 699.369 8.14049 3.67322
622.042 1725.02 18.869 18.652
1756.93 1831.67 -18.4847 -20.9576
861.98 712.526 10.4829 18.3514
2463.64 1695.75 19.0811 10.087
2403.78 214.508 -25.5074 27.4716
2189.3 2063.66 34.1567 19.1855
1526.08 2245.84 4.93719 -6.0634
1520.98 221.149 -27.9331 16.5838
2314.33 1880.38 15.0665 -30.5383
800.557 2384.88 25.7787 -4.12315
722.664 304.047 -19.245 -1.31611
468.815 1355.01 -3.71837 19.5936
2428.12 1281.33 23.2782 28.595
1146.66 2046.3 4.65203 3.57019
2026.88 1501.98 -12.4854 -9.18644
497.923 743.865 16.87 11.6728
2161.94 1733.95 22.5815 -18.6628
2155.83 102.063 40.572 -3.38167
1152.39 2171.07 -20.6416 -0.512954
1650.23 931.989 10.741 -3.23272
2448.51 507.529 -3.97923 15.4293
691.274 536.859 -0.399337 7.93071
412.281 1209.64 -13.0241 15.9512
685.878 2015.94 -13.1698 26.4803
2323.91 419.179 -34.7624 -17.5615
317.944 2140.16 -29.1622 4.05856
948.499 1411.66 -4.62399 -5.51142
2314.59 683.941 -10.9127 -3.39475
1894.01 599.8 -23.5555 10.0454
945.863 1751.42 9.31577 -13.0645
1090.44 1912.25 -18.7057 -7.95633
353.277 1602.01 25.4222 -22.4432
93.7173 2216.38 -0.838697 39.1422
218.441 1846.1 4.53681 -15.5129
1428.37 259.917 -18.7503 -24.879
589.449 1159.25 -7.31891 11.4909
1216.02 498.855 14.1287 10.9812
1645.33 2092.31 -14.9623 9.76654
1668.24 1255.17 9.24591 8.98816
950.911 2087.31 -9.46303 17.0961
611.671 1016.64 -5.83908 18.8593
1310.7 1515.62 -6.64214 -6.4004
826.251 852.439 11.4836 -10.4089
18.3677 583.179 -32.5578 23.7377
837.011 1679.88 -6.37389 14.5155
1425.88 645.571 -5.45505 13.4803
2414.06 1055.38 -15.2924 -20.0494
358.361 1415.9 2.69039 16.138
735.391 2464.04 -33.34 3.77336
186.996 437.361 -7.84275 -0.383623
35.062 1831.27 -6.58811 5.996
631.429 630.419 1.63361 -12.9192
1486.65 2234.31 -21.2293 -27.2633
45.8279 1173.21 -16.1997 -14.4695
2319.76 1290.45 -27.205 -20.0279
1961.73 1450.41 14.3019 -20.6178
1098.88 1548.25 -6.2612 -5.92323
1114.55 1563.07 -6.18853 4.39164
204.914 1067.97 -1.78085 11.1872
666.313 891.868 -2.87444 18.2541
1942.97 1080.19 4.27575 16.0494
1928.48 959.53 0.486604 -11.0287
1889.86 1694.24 -5.68064 21.2966
1137.16 142.938 0.317459 -22.8862
2430.37 2017.67 -6.43228 20.7943
531.071 1306.72 -3.41543 -5.60713
1152.62 1678.69 11.2877 12.0268
1064.53 19.0806 5.23572 -18.325
1154.38 38.5899 19.251 15.6606
599.582 804.176 15.418 -9.92612
604.295 637.807 20.5328 -20.955
106.307 1445.29 8.79842 -32.5464
221.64 2275.75 -3.31744 13.934
87.2535 1647.38 -11.963 12.351
1248.02 1603.54 -6.37772 -2.1501
1683.49 1177.69 1.67599 1.15347
1963.64 1854.52 -23.3682 -7.98757
649.796 102.401 7.48198 1.51228
1153.61 2388.83 7.3427 -15.4614
771.01 462.845 19.2885 22.8166
1782.74 2486.08 26.0508 -12.782
449.138 1194.64 -6.79382 -17.9308
2005.11 75.1646 -30.2528 -4.28571
1476.37 794.996 13.9012 2.5106
1545.61 1151 -1.26444 -7.11606
591.266 148.436 -32.2784 -17.1621
2178.74 1865.07 15.4769 -22.5223
659.73 1727.43 -4.86655 9.5848
1629.01 2260.1 15.5111 12.8051
901.626 700.35 -0.360436 -14.4632
927.035 776.964 -9.69664 -11.7208
25.1846 2071.63 13.8493 2.23705
748.886 195.449 32.6952 27.4737
102.04 2466.92 -10.7037 28.1914
2223.82 60.3117 5.74381 35.101
356.725 2091.87 -29.8437 12.0825
2353.88 1147.91 -23.3946 -16.1496
817.467 738.285 17.8884 3.64554
1395.02 1645.36 1.94445 -1.5141
1631.78 361.268 5.98585 -14.4131
1198.21 2391.04 23.4055 29.3272
2295.84 111.945 -5.98955 38.8649
2360.19 1360.24 -8.56108 0.153589
453.769 1991.32 26.014 15.1759
1911.25 395.048 -27.7442 -23.9748
1572.82 1367.78 4.43206 0.387857
980.401 272.482 23.177 27.8522
1970.18 1606.28 -13.2042 20.6684
229.435 144.187 -3.06727 23.8774
1250.04 629.102 -0.648899 3.77365
414.798 1430.34 -22.0095 -18.4007
795.698 2472.35 -19.2503 -12.6278
834.817 1326.75 -11.5633 10.5258
1910.18 944.088 -19.6385 -6.68617
2037.41 1713.53 -1.40352 -6.73365
137.727 417.757 -20.1695 6.88708
220.254 691.038 -33.0295 29.4774
278.388 1740.12 8.19824 -7.86485
1361.68 2050.11 0.700338 -16.795
2052.89 93.6427 19.9746 21.2774
2108.04 381.705 4.37899 -19.5539
928.182 101.316 24.3844 9.63268
1905.17 494.82 -12.755 16.8942
825.255 23.4675 8.88827 -1.41661
1728.54 1646.82 -8.06854 8.11886
80.772 519.016 1.47683 -1.36852
1993.47 1606.66 11.2122 3.50018
89.5977 1495.06 18.2614 29.1025
297.959 841.325 -20.1807 -18.225
1059.8 1513.16 -7.34856 -7.58942
1436.64 441.726 -15.5246 18.4688
247.329 870.261 -25.494 -27.3178
1417.71 906.749 2.82237 8.62281
1852.76 1747.35 5.2982 -1.86201
987.641 2081.74 -17.378 -2.32741
2365.58 468.644 8.82842 17.7099
1490.9 1627.18 3.41935 -6.65083
1629.46 1196.4 6.02158 3.40369
752.059 2142.47 1.39326 -13.8502
2125.85 2237.95 -28.6487 8.53266
1459.43 1469.01 -8.35041 -5.25218
1457.1 1753.29 5.86126 -11.5041
903.21 347.597 21.4131 17.7507
1770.15 2128.7 -28.1513 21.3916
937.61 1503.93 5.42684 5.44263
2440.68 2400.13 19.2111 -15.5983
38.1433 224.653 -5.778 -18.3958
2266.86 1376.1 -8.3374 14.4513
2315.83 237.953 -3.76079 -10.7576
2292.04 1574.1 23.8601 15.4679
1187.17 618.533 -2.17993 -10.7578
1286.4 980.373 1.22018 2.43034
1323.07 1912.66 -13.2091 -8.72527
328.382 1552.29 -7.57174 22.0404
828.925 2128.89 9.22144 -14.003
1245.3 349.051 -21.9604 -13.1143
434.138 232.354 33.575 7.06309
1414.65 1160.01 4.97943 -1.81191
143.331 2161.4 -23.0997 -5.32832
848.266 2493.15 33.7753 26.4965
976.177 1810.39 -3.7969 -15.4305
2131.1 1541.45 10.0663 -23.9641
1528.98 1524.69 0.636198 2.94334
1594.22 1551.5 -0.856533 10.5544
394.367 267.796 -29.2079 22.6493
146.635 656.436 0.0125001 33.9335
93.377 245.219 31.8057 20.3738
985.936 2352.03 4.67602 24.1738
1600.6 240.723 -2.27745 24.3225
708.779 1909.38 23.3611 -5.83339
1888.15 1546.36 -7.3587 7.91537
1758.33 1270.73 10.7729 -11.2359
37.3936 2065.82 -19.0833 38.1648
1660.64 1507.03 7.82734 2.35907
237.601 2136.95 -2.5085 -17.7901
278.078 607.192 -21.3527 11.4372
2436.92 408.906 8.50792 11.7222
2078.45 787.883 6.68113 -3.79297
2175.66 2033.97 14.4787 34.0536
443.34 1351.37 -3.48728 -9.65662
254.079 1468.88 18.846 9.58429
1925.7 1863.29 -14.2921 16.1275
1400.69 1708.07 12.6215 -10.8777
1943.34 274.002 -17.1903 -9.0511
2431.15 959.168 23.9444 19.7338
1963.32 1006.55 -3.88153 -1.26055
685 1906.82 19.9602 -5.82611
980.497 316.924 10.8497 -26.5577
1873.82 494.569 10.9463 5.48518
1295.15 84.9122 -27.5501 9.692
2066.29 10.4539 23.367 32.6103
1664.77 690.114 15.3574 9.79542
1363.95 1580.14 0.451339 -9.67247
2342.63 881.161 3.02916 19.234
1192.1 1633.47 -3.22171 -0.439596
1139.99 1287.64 -1.45608 0.16537
1506.28 413.434 17.7974 -1.82886
1394.69 1177.38 -0.373023 0.0063128
1205.5 1989.85 0.123389 -15.2578
816.538 2061.94 -18.21 -5.83955
1147.63 2249.83 -10.5299 19.9017
1057.23 2032.29 -15.4614 16.245
2467.44 1141.39 -22.6077 21.7806
343.82 846.686 -13.063 -25.9443
1144.41 432.432 16.2808 -10.6432
6.13505 1252.85 -4.05456 24.4558
1452.83 1372.27 -0.98736 -1.47699
1932.68 552.913 19.6266 -16.5188
1885.95 1293.49 5.40801 11.5512
407.08 966.323 22.453 8.39525
2140.17 40.4227 34.2677 -19.1453
397.152 101.988 20.2612 1.38836
797.468 2189.76 -20.5733 27.1096
1003.83 1994.34 16.0636 3.62363
1520.09 157.664 9.79882 -5.7599
1070.39 2253.72 -22.9604 -16.5139
2252.01 220.549 18.2042 -7.53028
368.497 1385.65 -19.6543 15.6813
397.548 1828.7 -21.7683 8.44514
1813.22 1845.12 -3.16123 11.3301
2473.55 797.573 -31.3274 -24.2968
1132.82 1847.24 -4.63575 11.8261
2494.06 725.207 10.0842 -19.0492
504.899 573.523 -24.9805 -16.69
2276.54 1677.41 -23.9727 12.9052
424.023 2340.84 -15.5845 -5.70238
1074.16 2173.06 -7.27166 -3.09203
2202.52 1400.92 -16.2742 12.3471
1757.86 623.898 21.2521 -1.8146
868.418 2249.78 -28.4443 27.2456
2257.96 691.647 -16.2567 14.0814
1974.74 1822.3 -1.97893 15.0965
1646.16 1630.65 14.6278 0.0282588
1080.32 659.833 16.5286 -3.32958
1165.23 2000.83 -8.78373 10.6874
2302.83 345.114 -11.6111 -35.3134
2229.04 2065.8 32.754 -29.1046
810.922 797.767 -8.23874 8.32714
135.426 1863.84 -32.7745 0.757172
2165.54 1849.29 -14.0169 23.0474
114.611 2002.54 -36.6547 -5.45983
1918.72 2214.79 10.7169 -4.53934
1642.35 784.455 10.2267 4.63315
28.0718 2195.55 35.1023 -11.368
1839.92 131.957 13.5272 26.0247
2328.74 1816.48 32.1773 -33.7397
864.151 2314.93 0.875075 1.05882
308.772 1750.78 10.2565 27.2445
546.655 2064.93 17.7684 14.25
2447.04 1445.26 29.0881 -4.02469
872.5 2141.75 -22.1592 9.06866
146.083 1431.18 2.31501 6.15468
2266.76 565.654 27.4109 21.6802
2089.67 943.517 22.7857 9.87768
1517.27 1258.97 -7.43597 -4.83935
1236.8 1320.75 1.64118 0.895152
1431.77 739.029 -14.0883 -9.96359
1852.69 1257.06 -11.624 6.60889
771.913 654.053 -16.9891 -8.52486
2299.9 1003.44 27.8592 -7.67987
2078.19 689.937 -16.3553 12.595
1360.69 1033.97 -5.29902 -3.46968
2468.98 577.297 8.29634 -35.5479
644.314 2346.85 -26.2598 9.93779
1411.03 945.177 -7.16376 -2.17461
2189.57 1308.7 -11.1233 -26.2299
1546.59 1417.03 -5.81416 1.91414
337.432 789.511 -5.35078 3.19246
587.078 1924.31 20.1355 0.0482393
784.351 673.289 -1.05236 20.3547
806.87 542.416 -8.03546 -12.5773
1066.23 1480.12 4.87911 -6.10923
1025.16 301.59 20.2591 -9.76858
2095.9 1501.57 0.510722 10.2608
1698.99 1991.81 23.5418 -14.4712
1403.27 919.054 4.65498 5.64032
1938.83 2239.42 13.2572 20.4569
95.2645 1195.23 -8.15765 -25.3964
1658.24 904.293 7.70678 -13.2395
1580.82 843.93 14.7607 12.1392
2244.81 562.039 -29.0631 -26.1357
1664.44 1158.37 -10.208 -10.4752
2346.01 2439.64 -40.734 30.9941
1828.8 314.831 -5.04978 -8.39478
2478.88 1586.74 -16.2817 14.782
542.732 462.686 -26.6951 4.47156
57.9754 1996.02 -26.8207 2.11497
1469.02 845.154 -1.21902 -0.248273
1254.7 2036.74 11.3714 -5.94804
1131.32 592.956 -17.9031 -15.3028
1361.91 1821.23 -8.07503 11.7275
995.431 1430.31 8.10225 5.07986
1206.89 2149.17 -4.39912 2.34138
994.934 1663.25 5.25061 7.01096
1504.36 942.26 1.03314 0.570665
651.142 267.461 8.66434 -28.2167
328.342 1763.04 -16.9485 -27.6274
375.185 2168.29 -24.4007 27.7352
1375.69 1201.73 2.83732 1.85035
1748.22 1693.09 -3.1462 -3.54055
922.683 2167.99 -9.35143 -14.4809
1759.19 2184.64 -18.077 -18.9592
1827.25 731.626 -13.6484 -21.1297
2217.91 2265.34 2.91335 -34.0875
1543.24 557.618 21.2178 -9.9086
1024.67 96.5094 -10.1145 15.1751
1957.74 558.45 -26.3294 2.52491
1816.12 2298.69 -20.2246 30.2889
2463.27 1041.45 -10.9084 -33.1479
1448.49 93.1084 18.1341 20.0517
240.034 543.104 27.0046 12.3168
860.718 1918.51 0.987463 -9.73609
1729.28 1430.09 -11.3907 5.25253
1928.95 2163.82 -18.7076 -21.0777
2167.18 1286.42 -12.3666 5.02268
149.681 1889.12 4.73508 18.7889
29.488 1461.58 -17.9266 -19.8345
2126.64 1474.83 10.7798 -14.2762
1283.08 439.915 -12.875 -9.20352
13.0059 2150.21 4.81358 -17.8832
1620.25 1286.74 -9.92219 4.65677
1640.93 181.648 -23.6255 15.4754
2334.89 1869.18 2.41028 -9.8356
146.983 1456.1 -9.18443 3.50738
509.758 962.481 14.5932 -9.87264
1799.44 1851.96 -6.2893 -11.0199
479.902 2382.17 31.7089 -3.27438
1705.92 380.497 9.79322 23.3254
1916.11 1564.1 -0.656102 -19.6431
40.5978 743.383 -9.64207 -2.07519
2415.71 69.7757 -22.3241 36.4235
686.343 154.72 -13.2566 -7.3654
1187.88 1697.46 2.07869 11.1338
422.938 1128.19 -20.7443 11.9936
848.328 2346.54 -1.31054 17.4429
29.1467 1217.27 -19.0637 -17.3277
1906.82 2232.41 -8.6149 -19.0616
2349.29 1275.22 -1.29673 23.7522
1758.39 2242.3 -10.9305 -19.4872
130.815 1559 -25.2978 -16.1695
1871.73 594.722 -25.1146 19.9362
1530.15 393.543 -23.4735 21.8939
2076.89 513.4 -25.8763 -16.3813
908.126 337.317 11.1172 -9.485
2134.18 360.123 -22.9226 -9.64977
613.735 1006.32 10.519 -1.97918
532.558 749.512 11.2554 -7.65365
9.46187 144.266 -23.7865 -33.4273
1459.59 1895.3 -5.52504 0.959955
775.3 392.519 -2.91958 9.65325
1142.88 2348.87 11.6243 21.7881
1764.94 2462.77 3.04692 16.4948
2085.49 986.502 12.6837 -20.676
693.407 1945.23 24.7817 -24.0078
1129.54 455.342 21.0891 -3.33817
671.064 1713.96 4.96811 2.98646
599.29 340.599 -25.6989 1.12231
1107.73 364.259 -15.5199 -9.17571
587.49 2469.96 29.1875 20.109
968.621 392.688 9.41814 -20.2594
178.715 1055.17 10.1785 -19.7784
1867.77 1167.43 -2.54145 -17.2479
1101.76 2074.88 0.184709 0.963846
65.1148 1295.27 31.2624 -16.4547
1821.36 353.38 -3.83361 -21.9585
2446.88 1950.39 -34.4609 12.2354
2045.46 2362.84 -5.29148 28.8957
571.048 367.753 -12.3062 -1.27343
2044.65 1431.41 -12.3883 -3.55013
940.476 924.732 12.1009 -0.356857
304.197 1013.72 -20.4549 -12.913
381.076 1216.9 -7.67182 11.0131
1217.44 2407.8 8.28474 23.3449
272.386 1895.31 26.3284 -32.5263
1865.24 717.521 -15.3583 -10.4952
958.814 1096.87 -7.41276 2.49028
932.889 2063.86 18.4216 -4.81217
1504.9 208.171 9.49363 6.9473
1085.32 1789.53 1.30487 9.73028
2428.51 2479.55 17.9725 46.3782
978.598 2488.8 12.2929 -1.96582
1005.82 2436.29 0.0378642 -26.1301
2375.21 1004.8 -20.4949 29.0345
207.138 127.25 0.62332 -30.3249
272.375 537.792 17.4676 -22.3008
2445.45 2377.65 22.8439 -28.6142
1360.49 409.824 16.1448 3.13329
599.331 1837.49 -8.78629 -2.34763
2004.69 1180.21 -14.9366 10.974
1277.81 1499.71 -3.32895 2.46956
780.471 1620.92 -0.644519 0.909806
868.026 1023.11 10.834 0.455213
2459.42 1835.04 -27.3737 6.53569
866.665 1836.63 -18.1356 19.6231
560.199 357.547 16.9528 8.41291
2026.24 245.201 33.5478 -4.28175
985.483 1726.22 1.06812 -11.5607
1839.49 2283.29 28.2813 -23.1606
516.253 1532.89 4.90334 -15.176
2066.61 1115.4 -2.01128 1.43845
840.749 333.448 -16.0178 18.3093
2008.35 2360.55 -34.9454 33.4004
642.392 1090.89 15.8227 -16.1718
1623.94 2146.81 -16.735 18.4557
469.531 1899.82 -16.0532 -2.4481
384.094 139.168 10.2041 -21.3659
1420.4 2137.93 -19.2813 15.3135
807.74 991.6 -8.77243 0.535292
2259.98 1345.07 -27.0669 -15.8665
2285.24 252.568 20.0692 -20.8192
1132.26 1322.6 2.227 2.73046
1180.01 523.811 18.4778 -20.2192
1555.68 1775.36 15.0801 7.63968
2139.71 431.62 27.3357 -12.3412
2096.4 1123.8 -5.9737 -21.8674
1508.65 1476.89 4.08607 -3.60334
2081.18 656.998 10.3672 -28.5823
259.412 1862.02 0.681651 -32.4811
1922.67 2293.19 29.8426 25.09
1892.71 2050.71 -3.24451 -27.8813
1927.37 1507.04 -13.0885 0.730606
1841.42 1075.6 -5.54063 5.45751
47.2775 2288.18 23.8294 11.4421
1301.61 2187.65 4.66639 5.2695
2413.73 677.205 -8.95943 2.81479
199.192 2104.66 -35.7113 26.3369
804.117 710.485 -16.6412 -11.9772
36.1873 918.559 -5.26021 -15.482
2380.24 1786.49 29.8635 21.0299
365.759 817.141 3.90491 11.353
1964.28 2298.74 14.586 -24.8533
1128.41 392.719 -13.2458 -16.3289
1539.47 547.61 14.1371 19.0127
1085.89 916.565 5.86136 -7.88831
2031.06 516.018 -8.54878 -24.8987
1090.02 78.9627 -9.67608 10.274
212.102 1767.53 -11.7249 -3.32863
2268.18 587.424 -28.3313 -26.516
1482.94 1748.02 10.6241 -5.20717
307.388 2178.11 -13.8966 24.6406
1256.41 2281.15 -13.1435 13.7942
1093.15 1685.41 6.62071 -9.50286
159.869 298.124 21.1924 -16.9206
929.211 962.1 -0.83657 5.77729
1002.07 2377.51 3.95347 3.90345
352.643 431.926 24.8528 -16.6687
1411.7 969.947 -6.69712 8.21958
1149.65 1535.53 -3.7171 -1.49784
824.645 409.547 2.84867 -19.7802
367.843 144.236 -22.6332 32.684
2278.88 1017.06 11.3936 17.6439
2224.63 195.575 -7.2965 -36.2356
2284.32 30.271 15.8561 42.6376
409.243 726.793 2.20116 3.85371
1781.86 1915.34 -7.96401 14.1949
1856.86 175.511 -7.24824 -15.8274
1330.34 1367.89 -0.277674 -2.75716
86.1928 1781.43 -34.546 -3.89973
483.312 1066.69 -15.1165 -11.8909
94.2139 980.843 -22.2514 11.3749
2222.36 1947.64 13.8143 8.58269
1098.94 103.946 -28.3715 25.3611
698.061 240.777 -25.6397 -0.540332
1261.39 2001.19 13.8336 -9.14795
892.516 1916.67 1.75747 -4.44312
237.009 2467.55 22.9447 -27.966
299.681 42.0172 -18.7688 -38.8345
829.526 2250.28 0.907566 -4.12032
1008.09 707.978 -1.92191 12.7793
2207.35 2200.55 -29.0382 22.3224
409.486 2326.39 -3.24507 19.6229
1377.77 1673.89 -5.70546 4.19994
1233.48 176.512 -1.52703 -7.58489
1072.31 2436.64 0.436283 -9.43959
803.399 1031.22 -11.8006 13.8095
48.9422 425.385 -8.16813 8.90278
877.087 1032.14 11.7491 4.745
1153.08 2062.79 -14.5258 22.7027
2044.45 507.74 1.32723 10.9323
1370.54 2272.04 -6.40913 -17.0828
365.89 392.344 24.0834 2.57535
806 1692.62 16.2097 3.70394
2037.91 635.488 -16.6128 -18.7077
904.77 492.158 -7.90696 -23.3228
1306.29 1500.99 3.07432 -2.30298
1144.8 1630.83 -9.82417 7.51544
400.678 496.376 -24.1875 2.32192
891.487 1036.25 0.87845 -0.935704
1401.15 1442.42 1.20988 -0.739583
2048.4 2279.99 -11.1963 32.1346
947.262 1192.76 2.92396 -8.05075
1781.09 1162.99 -6.17455 8.33454
1502.82 2443.53 19.3775 -13.0259
515.062 1985.07 -7.30944 -11.2308
151.137 1964.62 35.5273 -31.3373
625.036 1586.74 17.7611 -13.7145
1582.9 521.451 -1.92826 -4.50048
1571.38 1743.07 4.59423 -6.16613
1842.91 524.526 -15.9365 -15.4731
184.12 1387.98 7.25675 17.8448
1258.98 916.719 8.68087 8.10769
2477.22 1508.83 -17.8012 29.6655
2375.48 1749.15 2.19714 -33.1988
1173.94 2038.97 16.4041 9.34754
819.356 2042.38 1.90009 12.3489
1122.77 2113.15 -23.0298 -6.69729
2452.2 1161.99 -29.1751 -16.4416
893.283 780.222 -1.34114 2.80176
658.388 930.297 12.1089 9.34512
1282.09 205.847 -12.671 -28.4169
2445.86 1118.25 -11.779 -21.1165
2314.63 1272.42 9.46276 -29.1145
1249.88 742.328 -13.3822 13.3126
2493.44 2294.29 0.0462583 16.8753
351.636 2309.61 13.0823 11.6475
2337.38 1151.73 -29.7638 -16.502
2171.16 1965.58 -17.8051 19.0916
1943.16 2462.36 5.80022 1.3659
2163.61 487.929 12.9848 -7.73616
963.126 1014.13 -5.09981 2.42813
1896.44 1881.34 3.47552 9.41182
1888.73 585.123 -2.33063 17.6348
1709.48 2216.34 -21.5868 -10.1353
1584.77 1833.13 14.7738 17.7616
228.719 1089.36 -16.1936 15.8394
2184.78 1402.36 -24.5958 8.32152
869.836 423.535 -21.0814 -16.9213
1751.88 763.09 -0.147687 14.8511
1386.04 979.319 -5.93127 -6.67293
205.567 1799.57 2.60904 -14.525
700.187 1288.94 -15.5786 2.60807
361.286 172.873 2.29016 2.71578
1805.55 2239.01 23.8511 -3.605
1875.16 1631.31 9.28762 -18.6457
2310.87 1234.86 -18.2807 24.032
176.829 2426.46 -7.15827 32.4422
2211.06 1626.63 23.2072 -5.08761
943.558 1256.1 8.64982 2.23121
221.462 1893.21 -13.6425 4.87742
775.253 1049.09 -11.4122 -12.7337
1278.3 2134.52 5.72946 24.7442
1215.04 1710.52 9.77922 3.02456
479.684 838.068 -17.4224 -16.8065
75.879 1668.39 6.35774 -21.8079
2300.91 420.384 2.90913 -2.46543
2431.22 466.927 -12.972 -5.26393
64.532 56.1086 31.6984 18.2677
117.043 1831.8 18.0815 -20.7624
336.528 1226.74 1.78673 -9.37371
579.805 2042.51 11.6943 -27.2758
2226.7 1014.58 -6.45092 12.5696
1724.49 1316.9 10.5074 -6.75668
1882.98 1681.95 9.04965 -8.45829
1807.17 2017.51 21.64 -23.9197
1401.41 2230.55 -4.40486 25.4259
550.183 1549.77 3.74936 -3.18274
1653.12 1707.01 -13.6303 -16.1636
610.713 2251.29 -31.2498 -33.4323
932.295 643.941 -5.87543 18.6113
2067.7 95.9024 -38.1914 39.4651
31.6074 1658.31 5.45026 9.01459
891.392 256.254 12.3217 6.72833
2469.56 1899.7 -32.578 -37.0288
1135.99 1507.28 -5.01433 -6.0779
2333.58 1487.64 -27.8755 -14.4996
63.6223 2288.17 12.6564 25.3684
149.105 629.882 24.8106 11.5218
1237.32 1780.36 12.7818 -12.2939
1513.36 1327.96 5.15933 -3.76139
1419.41 2264.38 18.9546 26.8161
1930.69 1165.22 9.99984 10.2482
2208.35 236.484 -26.4346 -35.1244
1588.48 2137.58 4.86104 -6.17398
721.331 486.81 -21.5565 15.7773
76.768 1053.28 4.54645 -15.591
327.685 621.658 -11.6229 -7.52926
1172.91 1199.23 2.51839 2.25652
1442.19 318.297 20.1066 -21.8734
805.858 2137.09 25.8837 10.1513
426.138 846.091 -7.20646 13.8055
2305.89 1899.01 -22.7325 -30.3789
590.032 235.271 25.965 22.9696
18.8158 233.521 -37.2192 -36.3058
751.851 1935.13 22.5925 19.5509
964.53 1763.54 0.0441997 11.3532
1141.02 1432.55 -4.77571 -3.87816
1206.38 2304.86 -3.82305 -14.4747
1804.66 1741.01 13.1205 -2.97546
370.602 1997.62 21.6581 14.3738
2434.93 1383.07 31.4194 -26.1763
2225.83 628.502 -5.77234 -11.803
1965.76 1928.12 -22.3187 -18.8005
14.6352 2341.39 37.4016 -20.6496
338.184 1434.31 14.9461 22.0161
1098.52 2291.65 -5.37519 14.6885
1864.08 2154.72 14.878 3.0848
1546.64 990.969 0.533139 -6.83587
1112.17 557.768 -11.5135 -5.47076
2339.33 2283.39 4.37136 25.5515
2031.35 2314.26 -3.1505 -22.1134
428.677 997.951 -12.2375 21.5114
285.332 690.184 26.228 26.3368
1424.87 1701.97 8.79061 -10.3479
90.4554 1170.13 6.39259 -4.39895
1207.47 722.694 9.17823 7.72371
2455.75 1302.09 17.9724 11.3159
2147.11 961.82 21.3364 -11.3341
1061.86 324.209 -12.2567 -20.3847
1621.97 851.514 9.17286 10.5586
1228.71 381.017 12.274 22.5007
567.981 461.292 -5.65399 -11.1814
353.506 1627.25 0.697052 22.161
51.3982 1869.91 -25.4358 13.6334
1404.62 144.154 8.06961 -24.3462
132.093 437.006 -27.7627 -23.8882
1398.91 2287.03 -15.3705 14.0243
555.838 109.405 -5.43694 3.80038
2467.8 595.84 -11.0808 -7.21208
874.443 478.077 -21.2942 -2.59692
1690.18 975.73 0.786184 11.9346
2043.6 850.248 19.671 4.25245
1186.99 724.673 11.9651 -5.38895
899.925 1927.01 -7.50274 -9.80895
1220.84 1351.51 0.0536833 1.95808
2227.54 2439.39 0.973264 -27.7286
2257.28 2013.81 5.14653 12.6159
1201.58 441.911 -22.3586 -15.0744
1930.75 1617.98 1.98521 13.5649
383.916 1354.06 -6.53088 -6.67463
1950.1 622.107 -18.3166 -3.99444
2468.12 1446.76 -0.948029 33.074
110.083 1208.52 -6.67513 -3.70024
2456.91 2338.03 0.680838 -19.1348
1943.93 1448.5 -4.78354 11.1707
986.606 159.243 -1.48735 -27.3715
1010.17 894.198 2.32252 6.99893
131.977 207.121 -9.18375 2.99444
2194.51 2229.75 -31.9314 -23.5878
1573.9 2051.35 14.5759 -13.421
330.39 1510.48 -7.53675 -15.5795
1760.87 1285.9 5.56261 2.85767
609.623 2490.29 -24.8053 -34.3761
761.994 1121.7 2.46606 3.24327
2169.95 2153.16 -24.6935 13.2834
651.822 136.617 -34.1576 22.5605
1032.78 1624.7 6.56667 3.56043
1465.77 1529.28 -1.76073 -1.0108
462.593 1809.8 12.454 -14.3937
2227.66 1459.19 25.8797 2.43852
168.672 911.823 -15.5515 6.92698
288.458 1044.48 -22.6694 4.5581
2129.59 926.732 -8.91883 -5.40329
2391.84 760.806 23.6347 20.6033
2295.96 2488.12 4.72895 5.78806
1182.32 12.0942 -6.44236 -32.4606
713.822 1523.48 11.8163 1.78656
1472.44 1031.26 -0.0494299 4.24783
655.681 1376.77 -6.92566 11.3988
49.9233 1075.14 -6.06113 -30.243
146.401 1637.75 29.8749 5.07111
1477.09 437.714 1.87754 -17.0755
569.523 2323.62 9.25516 11.2524
1593.23 2380.93 10.0866 -13.8014
1310.71 2408.27 24.2511 19.8419
1779.65 2157.17 -12.5144 -10.4953
1598.53 299.977 24.4836 -15.2238
146.645 1035.29 -24.6154 -30.3905
694.509 2102.8 27.0462 -20.6552
2444.73 2285.53 34.4527 -35.9291
2257.11 1282.49 -21.8528 -0.401142
1302.63 429.342 -16.7206 12.9413
107.375 2048.91 -2.56952 -16.8495
729.207 1881.26 20.9411 -9.48841
2350.71 1889.4 9.16903 18.4221
2194.82 2007.17 22.8522 33.8622
2109.32 759.803 -8.16605 -23.9532
1224.47 753.686 11.7097 0.705357
2370.93 2233.44 -41.557 -25.7066
1706.65 579.226 13.2288 -16.592
1499.57 433.413 3.58987 -6.4816
2384.57 849.895 -26.1134 27.6904
1811.92 1283.97 1.73375 -3.74809
656.917 2067.24 -28.0756 25.5398
992.124 195.703 -28.9039 0.869539
1602.82 2129.86 -19.1556 -3.89639
1914.43 333.232 -19.9161 8.17373
2038.46 2151.85 -17.6227 10.7743
146.401 1009.06 -13.5539 13.7275
1284.96 1135.59 1.22895 -0.896642
1433.77 1211.7 0.507644 -5.10257
1439.16 1619.76 -1.37679 9.97923
886.127 696.547 -5.17677 -15.9564
1422.2 1787.41 12.2996 8.81741
1832.68 1420.73 4.51472 -3.34463
1719.76 706.909 -3.84478 3.17763
1887.32 1164.42 4.87885 10.6485
124.36 341.184 36.7217 17.9321
1574.95 293.01 13.2109 6.61672
1758.36 808.321 -5.38594 -12.2282
411.068 1372.84 8.15553 14.5164
673.903 1665.69 17.9119 17.2981
1684.47 2331.32 -16.5948 -11.6543
1265.13 1575.11 0.382235 -2.48333
2097.1 870.687 25.3987 0.749451
1303.21 523.571 14.8873 -4.65274
518.495 2215.57 -17.033 24.3731
1116.87 1982.37 -9.60281 -16.258
1868.35 1520.39 10.7911 7.5006
884.871 384.42 -22.3402 15.2714
2297.8 1475.88 -23.0271 5.84814
1220.15 624.492 6.98855 7.93241
1127.46 981.34 -0.603949 -1.36659
2245.19 2365.92 -16.4014 26.5613
154.375 75.9451 18.4548 -12.1855
1883.84 1010.33 -9.47353 13.7922
1069.68 678.8 15.3101 -4.21029
1242.2 1847.49 -10.527 0.857166
236.599 1220.07 -22.3285 -0.185971
1558.79 1154.6 -3.73185 3.22097
985.791 1143.71 -5.20194 0.362031
666.029 1349.53 -10.0525 4.07467
1754.82 1202.77 9.02504 14.2505
2144.43 1024.01 -3.62004 -25.9691
245.376 96.2564 -15.4334 -3.74701
863.378 1638.4 3.85515 8.48119
2157.83 1619.28 27.2576 -26.0455
873.489 1721.55 1.01153 -10.5505
936.789 2244.36 17.2275 21.7513
1495.45 1513.68 -6.87965 6.29683
506.853 2399.24 25.4019 -7.3103
1253.71 39.4284 3.15114 -8.90961
1524.2 1872.63 7.9695 -3.19654
976.196 2391.13 -14.3287 13.8247
139.085 1251.53 -27.8221 -8.9709
873.063 1334.7 4.72078 -10.0957
149.657 354.632 37.9029 27.409
929.79 1934.92 6.66527 18.2812
143.965 227.682 2.60343 1.27385
1740.59 555.841 12.9724 0.563316
1037.45 618.971 6.75586 0.191036
795.236 1324.98 -0.794942 -0.627808
181.915 831.268 -1.74647 -14.2931
2394.75 66.277 -37.7736 -9.27876
1335.09 267.022 0.248485 17.7218
2111.47 2258.43 16.6078 25.7312
30.7974 765.3 9.10129 35.921
1049.68 1860.6 -17.0563 -4.41323
2289.86 961.018 -2.61668 2.32609
783.505 973.424 2.88299 -3.23025
2071.38 1875.12 22.2645 4.3846
155.81 840.007 28.6643 6.52176
572.566 1413.05 -2.90329 -14.6921
307.591 2491.12 -30.6184 17.3324
1256.23 440.008 5.31969 15.4806
107.674 99.8898 -23.5054 -39.5868
762.577 1710.53 5.28615 2.8684
355.763 139.934 -30.9415 15.8367
1317.87 1991.13 12.7767 4.21608
1630.87 1005.48 0.0240522 -11.6513
806.961 29.7919 -0.333611 17.6364
372.092 402.698 0.060622 3.2277
482.686 331.014 -30.8441 -13.5801
2460.92 1282.6 -4.51723 32.8014
64.2227 1080.12 -3.92454 -25.0638
2319.51 1190.78 4.59883 -26.2419
1394.04 1917.21 -6.96855 8.11871
1470.05 520.645 -11.0707 -13.6512
570.529 2475.07 -9.50518 1.2598
1993.56 253.798 -0.572048 -14.8141
1865.13 277.064 -25.9981 29.5705
344.657 1344.59 8.31121 7.84264
1356.37 1369.18 0.306058 3.00063
2202.16 219.18 4.35203 39.0286
929.525 951.23 -6.44557 3.78333
2076 2277.94 13.8287 27.8789
506.214 1819 -25.8238 -26.0067
186.395 2362.03 22.2857 23.224
1958.83 713.636 16.1498 -24.03
2347.42 995.152 -1.45638 -7.67301
1226.77 433.066 -3.73831 12.7584
1668.36 50.5691 11.0789 -12.901
2185.36 1331.08 -24.1578 -23.0926
1867.54 615.119 7.50276 3.23555
875.151 113.698 -28.5643 -31.6032
1563.83 437.719 11.0507 8.92228
425.959 1640.86 4.28677 -14.9209
1703.7 2378.66 -29.2119 17.1094
2303.07 62.5141 32.5865 28.9263
2005.5 145.76 -22.6463 2.54339
2357.58 744.356 -18.4377 0.594093
1756.09 1385.47 9.60654 1.0093
1084.99 2111.59 16.2095 0.987091
1445.31 751.332 1.36771 10.3361
650.053 844.819 2.00649 10.1307
1047.71 2424.24 25.6291 27.9818
1561.13 1613.25 1.58892 6.32322
306.126 351.056 26.2619 32.6018
1485.42 1790.15 10.2844 -10.8235
1951.59 1978.59 -22.2777 -19.5997
1435.86 1076.02 -6.53308 2.55827
1815.86 2456.05 17.2407 34.7581
1374.26 2021.12 5.84183 10.3986
1505.3 1163.07 7.53114 1.27207
1170.46 997.098 7.17517 -0.713653
1960.89 389.205 -15.1987 6.0113
2334.51 138.759 -4.98859 -8.72797
397.758 1115.53 -1.39645 -4.44554
819.255 995.48 1.97948 -13.1199
728.238 2408.12 15.9584 -26.5047
1501.31 1851.71 -7.5866 -8.95439
1495.17 1737.17 -14.7828 2.94599
2220.28 888.645 -7.00663 -5.83217
2241.83 878.518 2.84111 13.2711
1887.84 2339.69 -0.231756 -6.38998
2121.5 744.55 -12.8704 -2.74108
447.608 1771.95 -24.3208 -4.12136
653.345 864.766 2.50646 -2.05558
348.611 2353.98 -26.7924 -11.8465
598.787 1326.33 -9.07617 16.6197
2209.85 843.039 24.2315 -15.8782
2107.07 1088.32 -2.79782 14.1881
2062.23 1794.83 9.95108 22.3374
2092.16 1153.87 13.1949 -0.541396
1895.62 2270.55 -6.17139 -29.7448
762.537 310.184 0.893554 13.644
1544.31 33.7212 -28.5727 -6.35557
744.902 1842.72 -0.780868 -8.4649
1404.96 178.767 11.5006 -30.0196
1893.32 1273.69 4.06608 16.3643
1507.69 1806.1 10.7967 0.281671
957.504 119.121 7.18137 1.89837
72.1139 359.615 -28.8733 23.8976
57.1742 2235.73 -14.9269 -0.534355
2133.31 2489.75 -8.47203 34.5747
474.772 318.02 11.8838 -17.7509
1415.91 2123.62 -7.16864 -1.88596
2418.72 767.992 -34.9403 33.4158
1528.38 957.525 8.77773 8.06182
771.227 2023.18 24.8537 -17.5644
943.41 2192.35 -17.5181 -8.73787
2367.1 2377.9 -32.7434 -15.1607
852.489 2379.86 3.01291 -23.6552
847.271 1972.14 5.33088 0.670428
2002.66 510.022 19.1601 -10.398
1124.4 874.037 -7.88384 4.17754
2330.2 401.186 -6.0965 36.9725
209.564 1781.71 25.7423 -22.4017
1887.05 759.212 10.298 -6.05125
1542.69 1672.14 3.05082 4.55022
726.369 425.386 -12.5336 9.29198
1623.28 986.138 -4.02893 10.1793
1736.57 85.2752 24.1569 -2.84486
2069.83 962.439 9.35248 -20.1147
878.029 2246.01 1.33342 21.2393
2107.62 163.339 6.49427 -20.0492
1474.42 712.918 2.3487 6.62901
629.359 1419.74 17.196 -5.0645
1995.08 2418.47 28.686 28.6375
162.887 353.47 32.4957 -13.6813
2135.29 2054.31 0.66288 -0.974349
827.911 795.944 9.42224 8.86705
1370.23 1076.75 1.30378 -3.13974
2272.68 1603.49 4.73918 14.3065
607.852 568.928 18.6153 3.16426
1925.91 227.221 27.3252 -34.1029
1222.99 321.633 -24.5201 -19.3807
1281.38 723.808 9.44128 7.12906
1168.64 2414.81 13.9923 16.6485
725.438 2246.52 18.4382 -5.61151
533.455 2005.34 -6.54964 16.888
2444.56 1970.27 4.91832 -36.8689
1363.74 1635.23 -10.9776 9.76674
1588.31 1999.9 15.2136 -11.3065
810.045 1009.73 -14.1434 -10.1799
1763.66 1774.01 0.818102 5.65045
2473.25 2025.91 5.74663 -20.6242
546.488 76.3316 -27.2596 -10.9547
107.53 1992.34 15.0138 19.3932
1042.22 1244.63 2.08805 -3.19612
1693.99 1038.24 -12.8691 5.75893
2362.43 1216.58 15.9352 27.4036
2397.89 1711.87 8.65844 10.3121
629.559 959.613 -1.63229 -16.6287
1260.99 2214.88 23.8413 25.2315
668.81 1000.03 -9.64568 -13.039
2198.49 833.83 -8.8925 -25.169
1003.86 1904.85 2.45149 13.3276
495.269 2358.03 -33.8809 -26.6953
738.203 270.495 20.0943 -11.7232
981.873 1464.87 -2.08844 -6.11063
495.565 1493.43 6.84283 -0.864249
2462.24 804.652 -25.1004 21.9403
1937.31 1471.1 -7.81854 0.57188
159.624 2281.59 17.5358 -1.26974
108.595 1360.54 -25.1138 -8.90338
2262.03 538.975 -13.2271 -0.333653
1606.25 752.435 10.1638 1.98585
654.163 1025.7 -12.5507 -4.07966
1032.77 1978.65 -5.99673 19.2554
213.12 1674.9 1.0088 19.973
2214.49 1348.99 -20.0868 -10.77
381.116 1715.04 17.2533 2.66305
1208.6 766.533 -0.124064 2.23471
2279.41 2029.87 -10.8914 17.2558
1034.97 1148.72 5.08678 -1.22559
2047.91 170.559 16.0835 -28.7312
1955.25 574.219 6.16476 -13.0914
1261.59 1867.96 -12.9541 -10.6363
1596.57 1969.62 -6.44595 -8.86534
266.355 1101.37 -20.7418 -9.36619
885.962 1503.91 0.329659 -9.99326
1056.3 1557.45 7.74568 4.64554
1934.36 782.357 -5.65986 -13.3561
1856.78 2112.97 2.52054 -9.21056
994.553 2125.6 12.5111 21.5099
1290.57 2183.93 13.1126 12.239
1852.99 13.3539 -24.0105 -32.079
1405.28 710.483 -0.438148 -0.65898
919.585 748.233 -16.52 8.01988
912.472 1484.12 -4.95243 -3.0719
409.725 913.725 -20.3766 -2.77154
1399.61 389.316 -13.762 17.7198
551.756 664.611 -5.86528 13.6223
1065.39 1817.75 -3.81703 15.721
767.913 1257.42 10.8974 -1.07092
1713.71 312.347 8.93845 26.6952
1443.31 641.492 14.1712 -7.01954
1331.22 2489.03 5.20789 26.1355
1324.09 985.362 -0.25476 7.17025
73.794 1527.8 7.28482 -0.401229
2244.24 427.638 -20.1689 28.9688
2409.39 1555.33 -6.97552 -9.53992
1176.22 2071.61 23.2525 -19.5086
1912.33 2005.62 -21.4133 -2.44153
1938.42 1998.34 20.5859 8.27509
999.484 1411.3 -3.37054 -2.19019
389.02 1669.98 19.669 6.02974
175.464 1926.32 -32.2664 15.2496
385.288 572.833 -5.09259 1.41545
1877.24 1918.6 24.8792 -0.435856
1276.23 2061.74 22.553 9.34456
715.663 901.689 16.7253 -3.48497
924.98 2312.62 21.0624 -1.00564
284.218 1311.79 -24.0692 -20.1483
2209.55 1232.31 -6.10356 -17.0665
853.515 12.8743 -14.9802 21.7198
588.178 802.722 -19.3475 11.7726
1765.94 1716.42 -5.08534 -0.47227
1556.92 2264.66 19.4085 23.0145
1008.12 1684.35 -12.4845 -5.50012
2427.54 1225.23 -8.43314 6.98949
2094.84 1401.44 -5.25686 -0.911032
1477.34 829.605 4.07368 -6.33334
2105.49 1430.96 -9.6814 -8.22988
543.154 1599.24 9.99608 12.3517
76.955 2192.96 12.0875 -19.0102
2202.43 2271.24 -29.6937 -22.6026
1069.05 1544.32 2.92617 -3.67111
1631.42 1877.28 4.20268 1.32385
1841.68 1816.3 8.70125 6.84573
1222.09 481.06 15.1105 -17.1062
1380.96 1132.6 -0.624078 -3.73199
1508.99 1598.08 11.0471 -2.22557
2492.03 1067.33 -30.0119 -5.77828
1063.53 2404.72 -17.1787 7.98811
620.509 919.662 -2.52673 13.282
1145.28 1194.7 -0.13703 3.26267
834.152 405.943 18.3121 -3.06161
941.445 664.497 17.4224 -12.1548
1709.9 363.165 4.55867 -19.0732
1335.45 879.443 10.0052 4.20217
1220.94 819.515 -0.817289 6.17967
1517.84 2318.71 27.6621 14.353
2192.84 1039.54 -14.1738 0.587733
2204.74 2312.26 23.4326 38.2854
209.757 1084.1 -27.7221 -9.73688
921.598 209.661 -8.99363 -25.9703
2274.94 2364.15 -11.5883 17.0126
1513.5 615.339 14.553 -18.8365
40.3297 2356.51 -35.2488 8.53796
1788.03 1776.58 5.73011 -2.74167
233.084 2023 -20.4041 21.5212
2445.07 1204.97 -3.10977 -11.5934
1625.12 90.9015 -27.3893 21.6125
80.0887 2461.39 24.6654 -5.42662
312.26 1369.89 -4.42184 22.1124
1912.16 765.124 -0.766025 -1.07546
984.715 547.022 -1.92235 14.0523
400.589 880.316 -5.48567 -18.6303
822.441 2137.34 1.21793 7.44181
898.928 319.826 26.5215 4.31298
1375.91 2163.65 22.8087 10.1763
1699.44 1434.87 -13.524 -5.11171
658.747 2242.03 3.68571 22.1618
451.09 114.456 -15.6409 -35.6513
299.339 537.848 31.624 7.01554
1546.86 284.12 -15.3784 -16.9153
301.523 2190.32 -29.3842 27.9072
418.688 1227.11 23.4259 -3.81524
2331.73 2061.47 -14.1515 -8.1527
1881.84 1025.1 -18.3767 -5.20783
1570.82 1420.24 -9.18521 5.44479
2432.57 1356.96 -8.98871 -28.1187
2055.45 1238.03 -9.73478 5.70602
1334.93 217.854 7.20318 -0.927855
206.25 608.365 -29.1614 -18.4652
1976.64 1735.53 23.2547 -3.50965
1029.45 1958.48 -7.29514 5.71866
1126.79 851.322 2.48686 -2.91863
198.734 637.561 -9.39269 -22.2034
1532.28 478.721 10.2526 -7.99623
168.788 1242.81 7.74593 -18.8514
1610.58 1946.18 -20.3334 9.30126
333.1 459.586 21.6606 14.2954
2332.23 1942.01 25.1532 18.7822
880.597 2078.23 5.89317 12.2551
194.204 653.407 -14.6366 -5.66501
973.497 2117.81 -1.80413 -17.1637
119.644 823.746 31.4503 25.8772
1388.21 2006.12 16.3771 20.5633
1117.87 2064.5 23.336 -9.54771
74.8286 314.064 -23.5059 -12.165
1595.36 659.782 -19.2863 -10.4946
1128.5 2490.14 -14.2609 -30.8607
575.063 1824.1 21.6755 -4.69611
1827.17 1040.86 14.7364 -10.7664
2486.29 973.023 21.2984 35.6505
1050.59 2406.09 31.8984 22.3517
2061.25 575.873 5.08866 27.8474
200.122 857.69 -10.1819 -26.3657
1176.05 2287.74 -26.4004 -3.84915
571.17 200.364 -1.18338 -3.06581
1421.17 1800.36 -2.62839 13.4064
1465.44 893.288 -10.3393 -6.64717
397.556 2219.79 -1.1526 23.0159
1868.39 2473.09 30.349 -31.8356
1154.18 993.859 -2.97345 4.92355
2263.29 782.56 28.5899 18.7115
2033.72 1195.13 -1.0201 17.9599
1063.64 578.488 -10.8822 12.7053
1791.6 2144.36 5.58725 -27.8117
466.761 1614.8 14.2188 13.2475
845.657 1942.82 14.3314 -18.1487
916.914 768.189 4.90989 -14.7862
102.353 2196.37 33.6216 -13.1902
1008.55 215.747 -7.64924 12.6055
1428.72 2112.33 -5.97817 -17.1359
780.819 2282.14 16.9515 8.40352
195.859 1078.24 2.80561 -25.1359
1517.84 178.067 4.72706 28.8685
75.6686 1502.79 27.235 16.2332
372.444 191.019 -33.7819 27.8101
92.0602 1728 26.5551 -29.1757
218.814 1507.2 -7.04441 13.2485
1091.84 2180.67 -3.12069 -15.7316
1917.34 708.857 19.584 -19.4958
2290.41 178.916 -29.0692 0.283102
2172.61 1243.15 13.6427 13.9858
1812.24 1026.74 1.20702 -3.64716
1353.36 1961.45 -13.4755 4.52863
1072.48 354.6 18.2255 -15.663
2001.86 1244.55 13.6867 -17.8992
1246.59 1962.79 -2.40407 -13.2807
397.215 843.839 -22.1414 -7.79106
996.504 1045.36 -8.29595 7.29808
1758.73 1129.18 13.5358 -0.279019
603.541 666.431 -23.9142 3.80631
1530.28 1606.85 -12.2809 9.25243
102.901 1167.63 8.56587 -0.10971
24.825 1103.76 31.1347 -15.8026
1374.1 2379.95 -24.1675 -19.7313
2331.27 1596.35 14.476 -4.33165
1182.01 447.733 13.2762 18.8543
489.161 400.421 -16.7878 -22.6939
1345.43 409.672 16.2556 6.31728
418.254 1045.37 12.6618 21.7797
2012.12 438.987 13.2328 -0.250985
425.143 1600 -4.07738 17.0479
390.928 424.23 -19.672 -3.76181
365.132 66.7788 -14.9636 -24.4367
1964.16 161.102 -8.76867 32.3219
2346.63 1857.24 -34.6509 8.45635
1133.94 1370.92 2.8241 4.45502
1962.41 2043.4 28.9808 9.05401
135.946 2252.38 -13.3667 -20.9395
1110.68 726.213 -5.27009 14.045
1445.78 14.3738 -2.07431 -18.9531
641.91 1177.88 -2.11313 1.05159
2392.62 107.005 13.4178 40.5871
375.336 500.645 -7.01326 14.2426
1196.75 559.044 4.93826 -4.9636
388.312 2199.53 -7.45235 -11.716
2299.9 144.977 -11.5248 8.71645
975.031 285.953 -8.33954 4.28533
160.371 2293.74 36.8009 37.8748
1419.61 1692.95 -8.67945 3.33599
1879.53 2377.23 -24.7866 26.7059
1055.61 2332.75 -16.412 -18.722
1000.82 1810.08 -9.48347 5.36777
1395.08 951.114 -0.00975094 0.206106
1742.29 539.109 -12.5141 6.48351
1426.19 199.395 28.5357 -12.312
1265.23 397.522 -20.8093 -11.9238
297.311 113.271 -19.6426 36.8851
1566.5 13.7627 2.69643 -21.6045
2003.42 1147.17 -15.9581 -10.2283
1945.41 2419.94 -20.8316 20.6633
1286.48 529.589 -4.577 -2.21153
1495.46 534.76 14.3556 0.795266
2331.29 1519.71 -1.4676 27.5371
1098.48 478.738 2.69926 -2.07884
583.748 338.328 9.43297 -19.2868
821.607 2242.61 -21.202 5.32531
1275.83 2335.5 -11.9637 -27.9964
941.972 1671.84 -4.39967 14.3444
1234 337.558 -1.62884 -6.74503
712.894 284.838 29.3472 -4.15318
588.24 681.945 -19.2872 -3.22548
679.009 669.256 12.91 -0.548356
810.844 1629.34 -2.49887 0.775164
998.333 276.222 18.5466 10.2212
1417.28 1408.11 -1.56733 -3.2878
1505.13 475.051 11.1072 -17.2575
50.5735 1510.23 -16.5292 13.7435
139.062 724.478 -1.01494 -13.8112
678.674 1808.37 -19.2073 3.94683
2208.03 106.776 -34.5557 -0.906055
409.322 1918.17 -10.3934 -2.95685
54.485 2305.97 -24.3759 22.0272
1308.77 1628.4 5.41805 2.07424
1186.8 1157.64 1.6229 1.58066
1770.01 1626.17 -12.1995 6.10442
28.6207 9.69467 10.8801 10.3631
1912.52 73.4502 -18.9709 1.20353
759.938 952.347 7.09499 15.2875
612.163 1112.74 17.0452 -9.38463
873.784 2375.79 8.36642 -8.2993
1893.83 1336.78 -16.9823 -13.2657
1640.67 2381.26 -2.50197 7.39634
349.022 573.262 -5.0907 31.6605
1901.51 2451.93 4.33846 -0.281854
1358.25 181.114 -5.77688 -4.7395
1979.52 2265.81 -35.2796 18.13
1371.17 1658.61 6.27315 -9.04885
1926.59 1141.33 -5.25404 -14.8751
2197.4 769.19 -0.0185811 -3.73125
1452.24 405.09 -12.9921 10.1189
399.409 2407.58 26.5852 -18.3106
1689.14 1731.73 15.6665 -14.2233
558.516 1703.32 -10.1565 9.24888
2275.67 891.059 2.36643 -7.70752
1160.69 1461.13 4.59929 5.04839
370.219 2318.08 38.4336 33.8904
1646.76 1953.09 18.5184 8.64506
1825.65 678.973 2.95843 -13.7927
1504.23 1096.29 4.80428 7.45483
1517.99 1831.92 7.79365 1.59289
1774.88 777.252 -9.56691 -0.544056
2221.52 1525.43 22.6599 -9.80021
957.381 415.801 9.62261 21.3253
220.834 2371.76 12.2379 6.29213
2057.07 1317.32 -7.80683 -2.98986
11.6994 2295.56 -7.21231 -30.4677
916.484 462.362 15.0155 -8.87559
1351.72 1097.07 3.44397 -4.48967
1886.45 2489.07 -36.25 23.2023
651.729 1394.49 -14.0126 2.65631
1064.6 2050.67 -8.3805 -0.305373
1849.2 38.7443 17.0731 2.68273
787.917 193.028 8.46702 6.63148
2381.88 1669.19 -18.9969 18.8533
955.641 645.946 -2.24693 -3.97848
107.796 1664.71 3.37588 9.82339
1305.12 1771.81 -7.03294 -9.18709
1878.99 868.509 11.9356 -20.3903
1635.25 1226.4 -6.93476 1.61742
2146.6 1291.76 13.4076 -16.8281
1177.33 1020.85 -6.09908 5.1112
2108.6 406.773 30.6096 -4.34553
1169.05 1283.22 -1.74894 -0.89981
1389.21 2429.33 29.0033 30.9595
1027.59 2452.55 11.8224 6.68687
2461.29 2202.4 -40.229 39.9587
1918.69 1873.69 -1.69516 -1.50488
1853.53 701.295 -13.5849 -11.8731
1862.09 2079.85 -12.8188 -6.17505
455.459 2270.05 11.1042 31.5525
1262.52 1755.56 -6.64369 8.14355
1902.27 287.516 -21.7153 6.26339
485.887 177.176 35.8391 -31.562
2123.83 1048.84 -21.0352 -6.27368
389.771 462.874 19.3991 5.18068
782.764 2385.53 24.8466 -13.271
454.75 2379.88 -11.0714 -4.05018
806.324 2059.5 -4.66297 -25.1294
1798.91 768.313 -17.2889 -19.7586
2012.64 547.322 -5.14711 28.3448
301.558 951.41 -8.33897 18.0499
2062.22 1333.54 9.91417 -6.1605
1214.3 391.309 3.30361 8.3797
1127.11 717.527 -14.5051 3.75199
378.415 1144.81 16.5591 -9.61254
110.288 250.752 34.0144 15.6385
94.8698 854.932 31.6219 -19.3184
2184.88 1933.93 2.3878 -10.929
671.651 1489.24 14.3834 -4.72917
521.678 1394.19 15.753 2.05125
25.6485 355.227 -18.4786 24.2738
916.754 961.019 0.0671837 11.534
2494.17 1792.37 -36.2847 4.42022
2079.68 91.1968 13.8061 -20.7725
365.4 545.192 -31.4171 -7.69699
1876.26 5.97408 4.88041 5.62651
440.902 1576.18 3.00466 -20.128
1437.42 586.376 -1.39314 -16.9975
1165.69 1599.39 6.2967 -7.13133
2472.48 1404.53 -9.21652 25.3452
54.7992 1480.63 -22.756 10.908
2006.79 765.41 1.99038 -21.9468
1718.28 1578.61 1.1178 -0.0578914
2158.25 2273.47 12.6151 -13.3344
2246.66 1778.24 9.93122 11.581
1001.3 1156.17 2.30557 7.08856
1505.38 1286.3 -1.53559 -0.929712
888.576 513.791 15.1371 12.9131
988.552 21.7879 9.86227 -26.4566
169.797 2206.75 32.6616 38.725
1685.67 60.6278 0.0806932 29.5061
693.437 1472.86 3.26089 -5.73244
181.7 2228.42 -9.1753 -14.5457
1703.57 1079.16 13.0966 5.60684
595.66 1120.6 15.244 12.3275
2303.94 1640.52 -14.2579 20.1048
1770.07 194.775 -2.7803 -32.5045
2192.96 1360.95 -2.143 0.334456
1497.5 2121.51 -8.04786 -12.493
1544.42 1361.78 2.55413 3.46425
2285.09 1784.98 1.50757 -2.61952
2122.78 93.1539 -34.0569 -18.8373
877.069 1262.03 -3.53909 -10.4446
433.803 835.706 -19.9424 -15.4657
2166.67 1647.78 -10.7658 14.6501
1901.58 2080.66 -21.5601 -13.9441
247.853 828.883 28.6365 -4.23383
1083.05 2188.74 1.77167 -19.9932
1301.69 1139.49 -0.572506 -1.31458
1480.69 1767.88 9.86298 -3.65173
572.241 817.961 8.0206 -17.9681
887.127 2406.84 18.1985 21.2536
1277.39 126.617 -24.4094 -17.8636
655.276 1446.56 -4.50662 0.16334
1525.33 580.99 -15.7241 3.07636
1471.83 1486.25 -0.662663 2.52861
1222.88 171.828 28.582 -26.3533
1600.7 1369.19 -4.01613 7.79797
2346.48 1355 -4.39919 2.19526
131.366 1315.1 -8.57857 -24.1631
1947.07 2004.02 -21.3356 -10.0019
1451.13 2084.03 15.2415 -18.2995
2041.37 2229.37 -31.7288 -20.3711
1041.87 145.59 9.64453 25.956
119.164 392.665 4.84135 33.6795
211.363 2466.04 44.4449 16.1278
785.618 1496.13 11.6411 10.7074
2411.25 2406.66 41.5969 2.96991
1219.13 1657.15 4.62429 -8.14864
62.5431 397.128 1.2365 29.094
1726.44 2103.99 -24.7492 -1.34089
1321.57 1084.93 4.65543 -1.32779
1893.22 520.48 16.0641 -13.5848
2200.77 2059.88 17.7732 -34.5554
205.765 1042.73 14.7684 -23.6
1714.29 963.117 -10.2265 -13.7765
1985.09 413.918 11.8287 -17.9069
1403.76 304.945 -25.8887 25.2193
2220.54 938.123 11.4947 28.2578
1336.04 2397.24 8.03146 -23.3985
983.74 1165.84 -4.54625 5.24207
2284.51 146.525 39.1341 42.7462
2122.02 2222.68 21.3598 10.1863
906.832 1079.05 -6.50471 -2.74809
271.168 2177.29 31.2828 -37.9036
86.5948 40.4911 41.0843 -41.2149
1537.75 2429.86 7.05046 -12.7058
456.703 739.043 0.781944 -25.3692
2250.63 914.252 27.6065 -24.8104
2098.14 798.547 -8.5114 -6.36206
53.6684 1908.44 -10.616 29.1942
1946.28 2259.56 -2.51119 31.5349
2229.98 2268.35 15.2448 18.7608
989.306 299.099 -17.1267 -25.1793
175.575 1021.33 23.2267 -23.1432
1051.62 152.635 -1.36972 9.28728
869.742 1911.31 -9.95135 -9.02246
1351.47 862.642 4.28325 10.1686
699.877 1459.09 10.9314 -5.3813
2442.06 1465.07 -23.2446 16.7417
290.523 1918.4 -8.15145 15.5617
605.108 988.072 17.2013 5.86802
2377.87 760.594 -32.5069 18.5311
948.474 2325.01 13.7698 -11.7191
1031.93 517.956 -19.2829 -6.4018
2020.73 1432.83 -16.3712 -4.81158
115.086 552.913 18.5952 1.4285
1806.34 1510.5 0.229023 0.66245
58.1087 1642.38 -17.3445 -25.2884
1789.04 714.563 6.37354 -2.71753
2151.66 216.936 -9.25458 6.75197
2012.52 2247 -9.14287 33.0763
130.933 861.201 -9.6726 -6.29691
2302.45 1699.91 20.5861 -7.12488
1887.33 561.472 -24.4558 13.7094
399.304 545.473 26.6685 9.64027
1624.96 1817.73 12.6285 4.63369
855.085 2025.08 -15.6755 -21.996
84.2583 1138.15 -4.62347 26.0465
230.721 696.413 5.8115 -5.1404
1893.86 2462.62 -38.2212 24.0905
992.438 1184.3 3.18669 4.9802
2267.63 549.321 -31.5789 22.6158
2003.88 1737.97 12.1547 14.7199
1248.88 2269.39 25.2366 27.2854
2342.99 243.633 9.83012 22.0649
2254.51 295.553 39.1672 7.79054
2062.34 2361.72 -7.23205 18.3533
366.796 1706.23 13.2804 12.039
686.913 1397.91 -4.17947 -0.962313
652.172 914.959 9.73566 -12.8898
2382.88 712.865 -18.8175 22.2631
2307.73 1546.71 15.4479 -0.982354
2369.84 937.907 5.18874 -25.171
236.338 1152.31 -16.848 -28.1807
1189.45 35.0365 5.12745 31.646
2286.09 787.162 -4.27286 -13.4314
2219.7 325.554 -28.7488 -11.3524
1882.32 1283.39 -12.2483 9.52831
2347.89 1426.29 18.8035 -16.8775
1099.55 1651.17 -0.445368 1.65575
2362.58 267.643 21.2991 17.869
1847.18 1102.33 11.7396 -6.58994
1020.43 456.753 4.55062 -20.1379
1907.24 1717.52 7.40899 -6.40681
2457.35 2073.1 -38.3156 31.5191
1966.39 1637.12 -8.93493 20.5233
1769.63 2452.37 10.773 20.6731
526.042 551.987 -10.5166 -18.7435
1708.52 2008.29 4.86801 -4.96599
1120.63 863.875 6.66718 -1.59124
712.573 730.089 -11.8832 0.162408
1982.7 1170.63 -9.1419 4.11862
1819.75 1582.86 3.09951 11.5548
421.846 1724.09 -13.94 -17.4237
1961.85 470.124 23.3747 -7.02088
1853.87 1831.28 -0.0145786 -5.87005
2421.7 410.21 -34.6059 13.1261
288.691 196.114 -5.24202 -16.0797
2150.45 1878.08 20.2151 8.22918
1104.2 823.905 -9.68397 -3.82966
1693.64 1488.86 3.55022 -4.92174
1448.84 733.01 15.5711 -13.7703
1112.99 2292.57 -22.9071 -10.6832
1804.98 341.482 12.263 -5.42101
1837.28 2253.43 -31.5692 -6.23169
381.918 1074.2 -12.3811 -5.24492
2380.46 1586.28 -17.2422 13.1583
1748.99 2003.13 -8.65606 10.7228
110.069 865.936 -16.3432 0.5836
2328.31 1007.64 16.1535 -2.20084
211.826 1137.3 1.13887 -13.4058
2089.88 1485.97 14.9841 2.65278
1256.96 2263.44 2.23371 -24.8589
548.291 32.943 -11.7463 37.3153
2023.32 2422.89 25.9889 13.5602
513.688 677.686 9.41489 -20.5058
642.978 127.127 20.782 -16.7926
1820.39 428.898 -25.068 11.3175
2172.66 1194.72 17.0081 -23.7271
1174.16 1859.42 5.39511 -16.0093
1460 1574.01 -4.06779 7.21914
1535.52 1418.72 7.50995 5.9341
2130.42 1602.53 9.58952 5.27523
2165.55 270.971 -28.1143 -0.165766
1154.62 1210.34 -1.24967 -1.29721
1639.98 1539.1 2.14259 -5.54174
1489.81 1393.55 2.26615 3.21144
75.3966 1234.2 27.5422 -5.7079
912.569 385.828 11.9558 -21.573
2104.81 1755.07 8.51129 6.68028
1009.52 318.664 2.32296 -5.35545
1784.33 673.785 -12.2227 -20.6482
272.051 973.469 -11.7678 14.1441
1515.82 287.497 -11.3215 0.159519
208.833 588.896 -24.5494 -29.7521
1689.69 1867.32 11.6522 15.6113
397.391 2491.91 -21.8026 -3.84457
453.176 388.096 19.4501 17.2487
813.269 1518.58 13.3732 -3.643
769.19 771.945 -12.8345 7.66601
756.028 1685.58 14.082 -12.0674
2486.12 1306.24 5.37712 33.1046
1606.19 920.727 3.22956 -8.03349
1341.48 798.201 -4.90796 -5.04875
543.354 1910.54 -2.38926 -0.888726
615.69 1670.02 -19.4649 9.22598
646.882 2225.01 -2.29166 9.66892
2364.5 2293.47 -25.9394 24.9796
1153.61 131.006 26.9933 -23.5095
2397.06 1508.7 -18.0192 23.4298
42.9473 640.376 21.9277 33.2223
1719.62 369.535 -25.631 -7.43951
2326.46 451.618 15.8163 30.6011
32.2166 684.303 -20.2917 26.5849
534.201 731.904 -6.86744 -23.294
444.406 1603.1 17.6318 -6.40271
982.212 1525.13 -7.25352 5.94073
1236.09 274.079 24.8037 -3.46355
774.135 1086.9 2.00456 -2.11744
786.055 159.943 -15.8071 -0.842169
234.809 589.153 32.0322 21.8714
28.8999 2410.74 23.8927 -25.608
39.857 2446.67 26.8079 28.918
2343.41 1088.54 1.47385 -4.05353
1195.62 291.493 8.3347 20.3267
2022.35 397.687 6.20218 6.91936
566.443 96.0761 11.5233 1.5811
2003.44 2030.61 28.2999 -12.902
1406.55 1974.39 2.38111 -1.77949
1570.69 1479.68 7.99467 -0.022916
597.366 958.604 -8.83727 14.2476
1380.77 230.432 27.9949 -9.10374
383.428 622.62 -22.9571 14.7801
2247.25 2175.64 -37.8386 -16.6655
2356.47 1585.33 4.18537 -8.96436
1955.6 1188.16 6.55884 -9.00535
43.7165 2328.94 -44.014 26.1874
1636.48 1464.95 -5.19749 -4.26507
1369.6 597.632 5.43021 13.1275
1064.05 1729.42 -11.0999 -1.64713
885.454 723.523 -18.01 -3.70419
1541.07 420.319 -24.1993 11.4895
1239.13 199.989 4.12712 -15.2851
1032.91 1024.95 -0.632605 -3.56688
2221.91 2123.85 34.7394 -36.2156
690.015 1435.68 -2.79627 1.60053
949.844 1683.19 13.2712 -4.48497
1415.83 1713.92 -6.16053 -6.60013
925.566 1524.99 7.13494 -6.70758
333.507 1376.84 13.3056 -19.3612
1075.72 238.45 23.2327 2.78696
