322.423 166.418 5.64496 13.0444
393.312 1053.31 -0.155146 12.1463
789.705 481.599 7.71764 0.923919
562.424 842.775 -8.75334 9.22277
751.547 245.565 10.0504 6.35951
553.312 135.098 5.22585 22.6507
95.8706 1215.62 -28.8938 -31.4155
745.4 917.878 -2.62809 7.01932
1227.05 149.456 -12.5483 27.5942
487.165 227.905 -1.27285 6.63685
837.115 886.95 -12.9276 -1.66892
629.372 528.649 -3.11853 1.43311
559.427 794.792 -3.03873 2.99033
709.309 603.707 -3.06832 -0.55705
626.938 616.324 -0.289663 0.238356
354.584 767.139 -8.02411 -11.3603
74.3763 1028.51 7.40447 26.351
1156.55 552.031 20.8036 -22.0723
1223.49 787.35 32.2808 -33.3419
249.749 758.818 -7.05641 -16.771
1000.09 667.61 -4.31203 -19.8565
269.759 1180.26 -2.78731 3.4129
104.959 312.301 -28.1088 14.9044
289.458 373.172 17.4389 13.8435
43.3045 20.2334 -3.39601 29.7906
463.773 349.022 -7.31594 -4.47021
210.141 173.256 4.42929 1.92835
993.245 435.838 -18.9862 7.57737
672.155 586.022 -2.73897 2.63364
902.376 850.525 12.7369 8.67148
177.329 960.173 -1.74309 -25.3638
377.848 445.275 -3.78991 4.61233
153.074 1185.19 34.1774 29.7661
779.642 833.43 9.29937 12.9317
293.623 128.937 -7.87438 -4.65697
848.609 961.946 -4.34339 -5.58985
1101.82 531.3 -4.28 -9.55858
910.014 503.999 10.6317 13.4565
12.2565 1105.58 -14.2628 12.0993
500.049 297.585 9.96446 -2.71491
1175.46 735.943 -18.1401 21.6774
684.706 588.927 -1.4345 2.77979
377.218 199.051 12.2323 -11.0854
288.016 1047.75 1.375 -2.86611
357.754 340.757 5.94653 1.61272
80.1118 1073.23 15.6843 26.6829
636.209 643.975 -0.259432 0.211673
276.962 1076.71 9.53438 9.71568
489.77 674.691 -1.4894 7.71521
653.263 1230.85 27.0755 29.6086
704.764 240.471 -6.65995 3.82319
193.964 432.961 -24.107 20.814
710.06 475.236 2.41792 -9.73607
244.105 573.213 9.79743 -5.10035
1061.18 483.49 10.2491 -15.7255
801.536 267.909 -2.04998 -21.5608
943.822 698.268 5.72252 15.4731
1188.8 1153.96 38.828 -0.0136981
978.175 1131.15 20.0393 11.9219
724.345 619.732 -2.43231 4.83894
869.766 1014.72 11.9511 6.17433
1111.47 583.096 -4.98921 8.64213
553.621 63.2907 -3.80696 -14.2502
506.504 180.564 -7.27885 25.9849
482.391 29.8881 -19.9266 22.1172
683.285 20.1959 24.1413 -5.81351
987.487 369.184 -20.9632 24.1699
644.913 533.673 0.216636 -0.428947
439.032 1071.31 -26.1603 -12.0645
40.7426 846.17 -19.7225 3.82674
1071.96 989.382 26.7666 27.6224
1225.68 551.818 19.0832 -4.28857
616.498 254.352 15.4339 20.2114
894.654 526.499 -0.999769 13.9743
224.63 808.841 -7.85821 -8.71903
925.679 661.158 4.96099 9.87041
255.911 261.64 21.0866 -16.4451
1185.04 867.038 18.3493 1.7007
811.381 378.49 -13.3979 -9.62758
891.989 609.864 5.21675 8.8075
1159.91 746.608 9.83736 -0.445771
839.199 1172.26 -5.09326 14.5951
603.031 855.294 2.61851 -9.14614
875.943 1050.45 10.477 0.346434
647.822 657.187 1.82858 1.09108
1111.59 940.612 -15.8202 10.5445
437.241 265.821 1.73349 -17.1236
128.49 728.686 -4.43526 24.9545
867.361 22.6734 -31.9108 -26.5858
428.58 1031.85 -2.84852 9.57125
756.408 150.434 27.0887 14.5617
169.619 1240.31 1.58606 -19.0425
210.592 286.12 -29.8833 -16.7942
403.771 600.972 -4.66705 9.7914
556.797 44.7587 19.8639 -25.3243
213.013 985.397 -11.2621 6.62536
560.859 1054.2 -6.44562 -1.98095
260.677 1160.41 20.8018 26.0085
565.768 164.755 -3.89858 23.1336
1001.5 646.264 -6.31522 17.7822
172.218 252.199 -5.14479 -28.4805
836.646 1140.87 -17.369 9.55603
369.071 708.912 1.63525 -1.02283
25.4911 716.272 -2.65447 -8.07117
202.248 791.106 -8.90389 20.0463
585.655 46.3408 27.5533 -25.0426
926.123 763.622 -13.2404 10.4667
1122.3 1016.22 -20.8829 33.4496
670.568 1219.49 -26.7803 -23.7611
693.475 300.231 -9.13771 -3.22582
354.232 5.48767 0.569476 16.1148
948.886 206.745 -20.2182 24.4232
187.789 1139.42 -26.323 8.45474
917.398 557.092 -12.4164 -9.08218
83.0769 447.065 26.1314 -9.00332
828.7 50.6993 7.87857 -16.9882
999.99 826.265 18.4597 -15.5619
558.026 464.68 -0.136887 -0.349462
568.944 397.859 13.0499 -7.36175
457.956 803.102 -13.5615 -3.7434
719.85 1163.21 12.3793 8.16041
1213.45 314.27 -15.1511 33.2621
1201.23 950.169 24.8041 -24.0407
1070.6 922.468 2.65919 25.9966
873.025 95.9969 14.5551 -19.5251
152.504 1151.47 7.99454 17.2576
32.2389 322.516 36.2644 33.3532
1201.32 840.005 33.8435 22.4588
640.519 105.944 -23.6543 -18.4286
188.94 579.086 23.7785 6.84489
428.082 1139.35 -6.53593 -7.53124
532.163 309.047 -17.8857 1.22073
813.593 910.518 -10.9288 2.45094
969.772 173.91 6.00872 -23.8404
739.651 280.265 -16.8439 -19.1387
198.015 1009.43 -30.0862 -2.77138
446.111 709.411 -7.55111 0.477673
777.803 1243.67 9.57169 -35.246
546.559 848.289 4.86646 0.799379
419.679 1205.52 33.3918 33.4686
552.837 1195.55 -8.55735 -18.3473
879.846 867.835 3.36788 -11.6537
477.329 289.504 -4.41839 -6.85087
1073.29 857.235 1.7561 14.5673
834.206 562.661 9.96297 -3.34529
202.847 500.124 -5.93537 -5.52898
621.442 1046.45 18.6576 -15.0479
824.16 1165.28 -15.5862 23.3547
1087.13 582.962 -23.9556 19.5616
1206.65 1204.69 -10.2094 46.3458
670.184 1198.56 -2.46705 -12.6105
349.097 307.002 22.4443 -22.755
636.109 305.42 -15.2815 8.85291
457.358 129.383 -20.1991 27.5495
1028.4 637.441 -12.5055 14.9567
297.734 1090.95 4.81502 -12.9461
527.954 332.663 -9.11109 15.0359
267.296 32.2508 32.7896 35.7169
813.229 592.296 -10.2457 -5.66944
520.723 820.717 7.70542 4.5199
1125.54 266.474 -32.0203 29.6492
560.267 965.179 12.938 16.5103
798.429 1230.81 0.703296 -33.8469
712.952 493.324 -3.59468 -1.79648
546.093 1240.1 -21.1987 8.05512
641.117 1240.53 -1.76971 -7.42647
92.9908 617.373 27.222 -21.9684
1176.32 1126.64 30.9168 7.11092
940.421 501.954 6.57995 1.03005
581.15 265.921 19.0686 -6.86555
786.823 1060.04 25.6815 -11.8677
9.07278 205.819 -26.1117 -16.0327
810.68 556.428 6.98511 10.1706
476.016 657.31 3.79705 6.97482
980.924 713.269 10.2148 -19.8505
1000.41 1078.64 -15.4756 -12.8237
180.781 488.386 19.1036 -2.86684
918.403 708.726 16.4487 -13.7026
944.205 733.933 -18.8346 3.1255
701.881 1018.73 16.2289 -14.3541
546.176 712.278 2.54343 6.41807
633.124 326.553 16.5285 4.34741
634.146 560.832 1.21637 2.8981
5.2268 303.893 27.437 -38.1224
1204.21 772.2 -24.6875 5.43181
16.871 147.125 34.692 -3.69042
825.961 881.129 1.64407 14.8475
303.128 868.8 -11.9952 16.4063
920.573 794.375 1.32084 -14.3585
1016.34 714.365 8.77683 -6.35585
583.565 895.104 13.1579 7.32431
987.197 999.215 10.568 -18.8829
454.722 862.496 -14.3454 9.65603
1102.57 962.101 -32.4356 22.4153
484.56 1182.6 0.196526 22.1472
1041.32 792.509 0.637991 15.1229
627.666 346.175 2.47297 -3.96032
143.133 952.036 4.21907 19.5705
755.024 638.277 -4.77938 -0.74206
211.433 15.2764 8.2909 31.4825
1004.85 338.456 -25.0808 -5.65126
591.236 596.971 2.18061 1.13325
1171.47 657.941 9.96785 27.8093
431.961 49.048 20.6894 7.78233
216.915 1016.53 8.18323 9.48839
330.651 6.60046 37.048 19.9196
1191.23 439.498 8.85577 30.4269
1181.11 378.885 7.15177 -27.2733
113.698 1060.57 -9.15101 -11.4849
1036.3 363.325 -15.7826 -2.07268
948.24 1182.22 4.87792 -0.205507
650.82 913.868 -1.26057 6.41455
570.368 620.634 -1.25441 1.72874
695.527 1101.63 -25.6614 17.2169
316.51 306.766 18.951 4.61753
459.477 668.088 1.95424 5.67457
845.235 950.041 -12.6052 0.439217
647.015 646.843 1.36097 -0.371117
1099.98 519.086 -7.97726 -10.2102
21.1346 829.957 10.825 -4.42612
941.805 490.978 14.2447 0.0446584
650.164 719.31 0.147842 -0.930637
824.263 859.605 -7.54236 1.43632
753.283 991.721 -15.631 -7.26885
729.517 552.36 3.59827 3.40936
225.866 188.866 3.92562 25.898
152.949 676.466 -21.9749 -4.78588
118.593 848.498 -0.606798 2.35371
765.607 316.775 -8.78172 -3.89315
259.207 609.311 3.24586 -14.2866
169.628 715.37 12.8375 3.7133
1235.99 612.018 13.1693 26.7012
719.522 573.501 2.2918 3.70665
628.212 85.1542 18.3095 16.333
1166.23 1033.1 -19.9998 9.63672
324.952 1077.71 -10.2608 7.95579
616.566 784.231 -4.08547 -4.05189
560.3 513.698 -2.85945 -0.219031
566.612 362.744 4.94457 -6.5483
512.25 617.146 -3.64739 4.65489
594.915 423.414 8.59173 -11.2688
560.259 1238.04 7.10865 -6.80505
740.132 438.339 2.80285 1.53646
773.624 947.562 -5.79599 3.77835
934.322 702.108 8.9681 -4.364
1085.48 597.091 22.0369 -10.0046
39.6044 512.097 10.3058 -25.5368
216.219 115.933 29.2487 10.9893
1096.86 415.204 -25.1104 -8.2946
80.1846 693.119 -10.7027 -1.88954
155.323 339.103 -25.095 -17.9975
336.73 118.719 -14.2855 -2.21668
1139.72 945.713 -7.4228 -19.562
1234.71 981.181 21.9794 33.3906
1038.6 1124.39 -4.67376 31.1974
287.439 832.306 -6.52866 21.7998
122.228 203.678 -29.4243 28.3335
1132.67 240.46 21.3259 -30.3936
522.243 1054.29 9.22799 17.7971
972.093 1078.93 -5.38475 25.3252
25.7539 789.478 -0.548953 -31.4416
683.845 172.036 7.96945 -3.50591
586.436 772.431 2.32368 6.5492
1088.14 359.386 -11.8482 -6.89924
699.465 258.039 -16.9967 -9.93121
526.046 377.763 -9.23356 14.9014
166.462 1177.97 0.1446 7.45017
1036.7 108.166 -4.08039 -14.1618
802.121 1032.47 4.25648 -3.61072
543.319 1087.21 -10.3987 7.71947
1164.05 612.789 -13.7383 -28.9868
153.46 57.1735 34.2422 1.73077
1233.46 916.133 -20.5396 11.1041
252.766 1197.17 15.5383 -17.8101
1123.68 490.105 -20.6756 23.5774
1228.04 674.089 -25.4801 15.1352
878.331 1220.97 30.9743 12.1417
603.716 484.513 2.22613 6.0131
521.651 742.199 7.20331 0.94976
568.906 243.038 -17.8405 -14.0764
367.872 158.58 7.66291 -28.3836
264.547 1078.5 -15.1987 4.23714
1144.75 646.82 14.4432 -21.3852
377.434 315.708 -4.67838 -19.9752
867.276 302.104 4.88263 -11.7736
467.434 607.231 1.63471 5.67582
623.953 959.38 -10.1705 -6.32575
312.381 1004.26 5.39978 -7.00335
567.463 319.67 -7.05927 -10.2427
1131.49 11.0409 20.8144 44.0819
876.015 705.882 5.82331 6.78411
204.869 213.487 16.3493 -3.53944
663.232 786.315 -8.07888 4.13591
1186.06 933.507 -6.15843 1.68711
897.167 628.818 14.7971 6.82916
584.048 1067.74 5.06666 -20.4658
298.352 699.459 -7.67699 11.93
265.328 320.29 9.39108 -26.4916
169.181 207.12 31.7973 28.1787
915.538 1103.1 -12.1643 0.232433
1055.77 211.602 -5.66137 -10.478
253.164 455.86 -7.40736 -21.0949
1008.91 1123.81 25.3401 -34.9634
234.046 1172.31 22.8614 4.95352
813.152 196.724 11.8246 -10.7994
1222.43 341.152 -22.003 28.7402
824.483 912.521 8.57411 4.04824
655.589 1050.25 20.0023 8.64797
541.105 298.159 18.5034 12.549
314.603 777.406 -9.74052 11.014
971.89 348.542 -24.363 -22.9501
213.306 643.646 -19.7111 -22.6471
320.86 1010.35 7.45124 7.6325
1085.46 426.686 -4.14764 -6.43591
325.61 153.651 30.7441 11.5238
95.9217 378.365 -18.1514 6.94803
620.572 106.299 25.7253 -27.1557
213.417 923.395 3.4942 9.9918
205.953 552.169 -11.0367 5.3474
1086.54 450.356 -10.0036 26.1611
234.843 447.697 9.46022 4.05329
1027.98 1070.39 -26.0564 19.9435
793.484 586.132 -6.02113 5.15368
608.613 273.311 -7.97379 13.6358
1211.77 165.81 -10.0535 -7.74224
107.352 1012.23 28.7832 -25.2357
1119.18 371.879 -30.6232 -12.2188
330.045 206.418 6.71799 -3.24113
85.2489 89.9492 -4.43127 -14.9708
726.23 814.935 10.2392 -5.24259
657.36 578.501 0.794807 -2.20017
582.679 276.117 -17.5665 1.3669
1234.38 794.566 -22.5308 10.3484
71.354 963.063 -15.18 1.17517
512.575 135.4 13.6911 -5.52338
1052.92 985.638 3.45051 -3.25303
133.514 777.757 1.28671 21.586
766.062 542.368 6.9258 6.22069
670.592 881.088 4.59245 -9.90522
1132.36 791.187 9.42494 9.52211
593.345 962.58 -13.4781 -12.8185
29.6802 996.451 13.5131 5.60063
840.13 274.89 19.9259 18.7196
1044.02 1200.61 32.9172 23.6698
655.385 804.559 -4.3427 9.25533
1240.24 577.704 29.6594 29.6365
71.6765 892.869 -4.54785 -33.5256
80.8411 466.859 12.5315 13.2049
756.358 222.725 -11.4782 -20.6929
304.019 640.185 -1.68554 12.2822
626.129 55.3915 -25.7836 11.0759
19.8843 226.273 31.5277 -18.357
899.205 73.5885 -6.72386 18.0473
479.086 509.361 -9.14707 -6.81076
933.69 1179.1 -34.7355 27.4852
1031.33 961.427 19.7522 29.1398
386.272 580.535 -5.02717 7.94629
1197.1 376.63 -20.3969 -23.3168
476.092 872.019 -4.84247 -4.61114
99.1299 1129.52 30.2453 -19.9004
376.271 1069.62 -17.2585 24.8326
376.445 222.004 -1.0404 -4.48904
1109.49 133.036 -21.7317 0.475124
877.831 21.6803 -11.3517 28.2228
726.927 482.961 -9.60068 -7.29615
986.445 1082.57 10.4325 -0.121021
1057.34 797.024 -6.40364 -16.2302
926.936 384.301 19.5874 11.7348
1211.32 787.33 -26.1537 14.9616
174.757 799.273 -26.5149 -23.08
1056.06 276.825 -17.5598 3.27888
1039.76 643.046 -3.14303 16.5945
1198.33 724.538 -6.12542 13.8998
474.968 315.559 -10.9871 -4.86591
154.566 192.301 -26.694 2.49413
44.1446 1012.09 -12.8274 1.41852
1210.8 267.099 -5.46398 0.709079
207.813 699.58 -3.42544 3.02505
425.808 231.705 -4.78924 -1.38822
907.2 820.025 -0.917602 -5.33261
590.706 1078.31 -13.1967 -12.8313
325.772 359.848 9.0274 14.6476
555.511 1130.22 18.9914 -3.77052
321.159 1092.28 -14.9957 -23.9289
924.933 511.09 -1.79726 -17.131
936.58 112.778 30.2582 10.7653
366.255 648.119 11.4761 -12.3089
1066.57 59.325 25.2803 -36.705
963.159 584.475 -7.03808 -8.67619
901.327 1112.8 -2.38747 -16.3969
1132.47 549.024 14.1097 26.3015
690.089 993.083 -18.5205 -20.3073
148.471 1045.09 -24.4755 -15.3283
367.869 1019.59 -5.97475 -17.0738
682.437 8.63078 33.0408 -10.9844
1214.99 1195.01 -14.323 29.1974
227.369 15.7715 14.3324 40.9524
507.873 376.832 -0.313373 10.0847
982.32 806.899 20.8533 -21.8586
1240.32 1013.47 -23.8333 -10.0671
1127.89 891.82 21.8287 11.7148
829.137 925.234 -13.378 -11.4006
130.901 1136.18 30.6099 -28.9516
711.504 424.169 4.36932 -7.78021
207.375 125.619 -3.08981 -25.913
182.905 211.454 -15.1442 5.95586
205.086 945.729 -6.82794 20.7923
1141.11 672.563 23.039 -4.17943
112.813 218.531 17.4898 23.4807
361.389 463.991 2.76188 -3.94887
620.796 1125.65 -18.1248 -2.03756
435.408 172.978 -12.7732 -22.2283
920.757 173.766 9.77762 24.9933
1029.45 728.297 20.8356 -0.365263
489.432 1122.08 24.1091 18.1065
652.481 231.611 -8.41969 -9.82827
1208.09 400.821 12.8216 2.26761
399.558 389.322 14.3379 17.8254
481.873 274.329 -16.5546 2.88497
381.354 796.768 0.950334 11.3186
782.541 912.044 -17.5557 4.08008
566.162 668.186 -2.16722 1.40171
220.889 470.2 5.52114 -23.4581
571.365 599.536 -0.334686 -2.09421
703.922 220.855 -22.3769 -18.7061
983.183 637.331 -17.7692 -13.6233
447.629 512.409 11.2575 -7.604
861.311 841.391 -7.98387 -8.78355
1203.85 108.668 -36.6873 31.1085
1243.63 1095.17 -36.1655 11.4792
76.0424 62.6273 -7.2966 -43.0387
934.438 342.445 7.92804 5.4522
363.161 17.011 11.966 -37.1891
736.424 306.769 -11.7765 17.3039
580.351 764.261 7.76905 4.87419
268.692 840.524 3.48966 15.8274
47.9825 77.096 -24.1718 27.8836
301.089 1211.72 -30.9277 -21.7168
531.795 865.026 -13.3092 11.812
83.4928 299.987 10.4094 11.1207
453.869 108.308 27.9227 -22.3225
1163.2 896.346 6.51246 -34.075
947.866 660.561 16.0765 -2.20614
983.951 172.09 1.97503 -23.4525
31.4618 1076.18 -2.42102 -9.69222
339.391 1048.62 -6.76739 -2.02505
721.465 163.251 13.406 -25.3122
215.104 194.893 -32.4717 -26.5482
955.431 674.814 -0.874387 -15.1126
494.535 844.781 13.3731 11.5193
669.032 1042.47 -20.6312 19.8614
1016.74 857.512 23.3364 -0.278331
364.564 51.4218 5.53148 -20.6342
331.177 1220.39 21.8321 -17.2587
692.668 462.549 4.86942 8.91538
492.986 812.219 -1.54679 5.08873
660.728 407.229 -6.47729 -11.5173
932.61 673.654 11.7911 6.90098
1232.56 72.757 8.64938 17.3063
611.458 589.541 -1.19632 0.119325
1014.11 141.395 -10.6198 28.3617
11.497 191.443 -41.1518 -29.0646
1024.3 980.759 -17.3599 18.3253
583.378 204.522 7.63966 6.9298
1098.37 770.181 -17.8248 -0.341177
724.44 664.065 -2.4281 1.76782
679.348 229.049 -15.1126 -9.62453
893.789 359.414 -13.6825 -6.64173
1069.66 217.296 -20.4963 -11.5291
893.122 323.671 -11.8133 -19.2467
712.649 48.3086 -9.17247 24.5541
1057.81 777.239 -1.25237 -12.0225
252.128 553.9 12.7176 -9.27503
1179.24 601.6 27.735 -30.3827
34.4354 1215.1 30.6845 31.9379
1196.75 701.133 15.7576 -9.16423
263.943 711.65 3.3667 -18.3674
1222.1 1132.97 -41.0679 18.6308
1223.38 111.06 38.4703 36.7301
1043.1 701.738 -9.7199 -15.3802
1023.8 1044.33 27.3251 28.4603
1225.79 85.2144 2.91722 29.4488
309.835 763.735 -16.742 -0.038748
829.194 488.112 -7.33301 -12.5355
989.142 150.801 -5.14253 3.65702
877.273 845.383 -0.198797 -5.02068
91.7184 277.14 -22.6936 -1.9598
976.727 1121.1 29.7029 12.2375
737.224 418.908 -11.2635 -9.91827
907.491 1049.76 -23.1079 -12.4941
58.3855 122.076 -31.1445 28.1868
1009.22 820.635 23.3304 22.499
985.186 1239.88 20.4851 -2.61887
1103.9 594.852 21.4115 -22.2893
330.882 139.097 -4.9598 31.6984
356.714 1141.12 13.396 8.75011
1224.77 924.263 -5.2837 -0.54542
471.276 1174.39 17.5778 -16.5932
930.435 216.68 10.2521 -24.5082
593.799 1122.59 -2.36669 -16.0094
700.279 826.347 5.20664 0.0915843
1131.88 145.956 -10.3323 -33.1809
775.224 855.564 6.26209 -12.5934
630.455 278.649 -12.8679 13.421
729.089 174.001 21.1333 10.3484
1089.15 218.964 -25.2538 4.20374
126.5 513.571 -12.0496 -10.4793
482.675 853.865 -9.02369 -3.65862
335.628 569.358 9.84413 9.4524
197.347 762.293 -9.26756 22.4714
460.907 163.018 12.5008 -24.5066
307.013 285.752 -3.72705 -15.1828
464.457 309.193 5.54192 -16.101
170.193 1127.03 -14.889 3.30817
1079.09 275.269 20.5905 30.2127
890.251 905.006 -0.216945 6.26081
1179.75 752.071 -27.9403 15.4827
308.283 625.598 14.6093 4.27227
601.07 907.313 -7.69012 5.53354
1130.92 459.836 -13.4345 -22.4363
433.309 494.05 -7.61355 12.2036
1098.8 1023.48 -22.1985 3.83334
786.681 891.359 0.990638 9.08675
148.327 233.732 29.0539 -5.7214
1200.25 1115.93 -28.6128 33.1026
301.286 73.3536 7.0834 -0.711801
532.894 494.158 -1.35198 -0.93722
842.577 694.669 3.4677 6.39364
1120.86 596.417 7.91313 -19.6805
79.8339 283.155 23.6407 -7.13211
547.04 579.017 1.61126 0.786231
923.855 995.378 -19.3506 -24.2784
483.461 744.056 0.826671 5.59347
1010.95 1103.32 0.843569 2.81855
1243.98 184.85 30.2134 25.5955
432.555 298.473 20.4314 18.9026
817.911 1187.79 -23.7556 2.78118
952.171 692.549 -7.67646 14.1524
787.205 274.527 -13.4236 16.0561
232.741 344.045 -6.20479 -19.7867
60.2679 1237.04 5.24752 9.33193
630.225 575.409 1.59623 -0.833951
846.38 751.429 -10.622 -2.61624
901.87 658.076 13.6833 0.477309
626.195 405.505 11.1804 3.90259
551.076 903.169 -1.32401 4.38008
217.527 758.652 13.1029 24.1148
1069.05 1142.11 -35.6054 -32.7036
546.074 643.877 -1.21331 4.01583
572.959 446.879 -4.04779 -4.09494
465.988 569.907 -7.76339 -4.95495
797.73 520.484 0.0545801 7.48659
361.869 235.87 3.36596 15.0317
11.2244 34.9968 45.4851 -23.9774
442.2 1138.04 -22.7334 17.2427
376.796 719.763 -9.36946 -6.82153
942.538 918.999 22.9061 -14.5156
753.382 422.257 -12.931 -4.20805
33.3179 936.406 28.0873 -5.92528
1225.7 203.915 38.0949 -41.2386
539.927 440.299 9.18618 6.16325
1153.09 1000.36 17.8263 12.9752
69.4881 542.743 16.4717 -18.2711
313.668 658.433 6.95793 1.58266
858.429 232.183 12.1196 -4.72488
397.658 642.465 -4.31116 -10.5384
765.271 1130.21 -14.9513 -9.10616
117.043 184.786 -3.07848 0.956398
977.357 493.111 1.61427 21.0834
122.47 814.124 -6.28058 -14.9478
348.249 817.242 -12.9078 -18.6773
144.298 631.175 -6.44558 19.8065
568.074 764.677 -3.63124 -7.30041
1018.7 294.216 13.9638 -1.59787
595.107 1047.5 -8.04796 23.0434
692.535 603.643 -3.58702 -2.6677
1041.39 1139.7 -10.0197 -15.0546
983.531 529.567 8.19373 -20.6161
671.03 190.771 12.6221 -18.0114
392.356 929.877 9.45713 17.6055
1085.61 1145.43 5.56175 28.7455
124.927 77.6662 22.8572 29.765
1057.3 1144.49 -0.153934 27.288
262.785 512.268 8.84959 3.15508
176.144 881.578 -26.1802 -27.4497
904.683 338.376 -2.81405 -6.6987
121.553 686.021 12.9243 24.0699
316.989 593.828 2.13729 3.02397
934.739 559.073 8.2428 -1.55708
316.57 469.596 -15.9906 13.2629
907.33 146.267 -14.7454 -18.7038
574.2 22.9249 -17.7469 27.7445
752.453 1071.2 17.9879 25.0668
1039.55 1229.67 36.9745 28.8817
1202.27 914.288 12.9693 -3.20415
228.137 1226.17 22.7565 -37.5066
725.372 942.73 -17.4494 2.58538
255.197 620.49 19.4389 18.204
638.271 503.524 -0.244107 -0.0620282
1037.22 179.546 -27.9158 6.08882
69.9746 82.2107 -30.9418 4.28277
734.792 705.379 -0.988797 6.01828
1115.31 1113.54 35.788 -7.21087
207.623 756.172 -7.9744 -19.3367
426.393 1157.71 24.1581 3.21673
112.84 1049.89 13.3838 36.2102
32.8745 219.665 20.3333 10.4129
616.805 428.067 -0.965794 -1.71724
439.268 219.649 15.944 -18.5348
1116.07 1181.02 -12.0997 -1.42014
120.744 1103.14 35.7036 -22.7839
840.251 926.462 -13.8609 6.95976
179.659 49.9469 28.2627 8.16628
605.189 809.624 -2.90123 0.524879
965.3 772.958 -3.0036 -8.96237
994.693 551.985 -0.391962 -4.23897
49.51 173.992 30.994 24.7043
510.961 779.27 -6.11565 -10.1033
791.824 180.018 -22.0737 21.4759
1142.45 729.021 -12.3163 -7.36728
965.84 722.92 -12.2118 -18.4289
124.61 605.752 22.9027 -15.471
1055.2 511.779 -8.8309 23.1243
852.217 1187.85 30.6714 16.0402
934.061 40.1699 2.55292 35.0333
1143.04 833.464 -21.7296 25.4259
172.911 907.382 5.62932 9.86712
173.456 96.445 -35.746 11.6758
254.434 827.735 2.41019 -7.70552
1054.2 1165.44 3.40725 0.760939
322.251 705.721 -3.10365 14.3319
362.149 1049.95 -14.9562 7.16718
229.628 771.829 -4.97686 -17.5861
954.814 121.907 -22.4798 -24.983
44.2857 428.206 -13.7291 15.0313
508.565 473.343 -0.509309 2.02656
402.946 458.061 1.05883 15.6923
293.331 38.0621 26.034 5.63055
574.458 57.4525 26.8319 21.7205
1022.07 564.794 9.39249 14.5168
1111.39 819.329 2.68472 24.8237
899.292 707.059 9.11842 8.53527
1115.89 614.593 -22.2035 -23.9474
141.781 153.538 36.7863 -5.8746
243.616 513.135 17.978 11.6287
294.324 1026.71 20.1 13.2409
376.879 290.844 -14.7022 -12.6739
388.486 399.248 13.9224 17.4812
946.904 646.344 -2.39684 6.20348
193.774 17.2978 -32.6186 -10.8234
1040 1183.15 -18.1114 1.55481
106.972 191.13 33.5622 7.05646
1166.85 1165.16 20.1039 -3.6455
1139.08 28.3796 8.25559 11.1451
603.551 959.085 -17.6455 4.90245
35.6016 588.539 11.5976 -31.0749
636.529 546.178 -3.09567 0.552347
868.926 1085.06 -5.76163 -0.0665276
894.332 688.995 -1.02588 9.74443
121.461 474.087 -17.1948 17.3049
157.351 752.496 26.0169 -19.0966
904.743 415.923 -12.5524 9.83389
1147.51 624.238 -3.64407 -11.8424
793.82 446.314 -5.57115 -7.25984
422.76 469.889 6.66186 4.85282
719.989 750.685 6.23849 7.50458
735.02 16.9948 -5.78596 18.5629
351.207 652.419 8.09979 4.7976
900.236 133.763 -14.0728 9.11033
737.999 573.736 -5.5399 -2.01209
1168.84 516.548 -14.9854 -2.46591
559.142 930.733 4.56726 13.3033
976.625 146.275 20.7306 -1.90077
452.485 547.568 -1.66402 5.84934
683.695 923.304 -15.697 -7.08933
1069.25 1229.97 -19.4839 -14.4372
454.721 300.497 -9.5283 12.4479
145.01 178.838 2.74842 26.2075
408.865 225.913 -1.67783 14.7762
744.055 344.121 13.9027 0.183698
1020.69 1164.82 -11.7315 23.3867
224.325 159.819 18.932 18.772
864.047 372.83 -5.75734 13.4019
1102.2 220.114 14.1316 13.2029
645.849 187.703 4.20527 -15.5569
1132.39 416.741 -6.29043 24.5927
1092.36 760.745 26.753 -19.8166
593.516 268.286 18.3684 -13.8647
566.03 1088.18 1.02508 5.95617
881.237 1156.85 16.1654 -13.7219
550.354 979.123 -19.3837 3.75671
805.849 204.224 19.8515 -22.2405
552.633 299.178 -10.6336 -6.87539
515.202 648.407 5.06798 -3.08309
653.234 123.489 -7.79893 -0.52129
166.922 503.937 -7.37603 9.10959
49.1917 280.136 21.4108 37.1135
714.722 221.32 14.5009 0.802096
505.142 701.866 -0.659142 0.642433
627.38 316.049 12.8421 -15.889
765.382 485.814 5.26378 6.43377
669.324 296.303 -10.9129 -15.9244
599.982 675.654 0.917094 0.161495
601.325 334.299 -14.236 12.1651
215.244 483.411 -23.8345 20.5829
252.327 1214.11 -2.64374 37.5051
441.213 417.733 13.7031 9.62634
912.646 933.481 -2.04623 -20.3714
1219.07 180.84 -25.8736 40.8205
945.31 1145.52 -12.5519 31.8842
776.203 749.715 3.72527 -0.77894
797.397 907.502 0.583345 10.5153
816.323 744.161 -10.6747 1.88876
1117.34 829.766 19.8636 -0.143282
264.45 391.716 0.707241 11.9385
951.494 344.023 -12.024 -20.157
847.468 522.844 7.43322 -4.30556
645.793 85.0045 9.81913 20.0924
638.972 1224.35 -4.68494 19.3088
270.532 1058.92 25.0639 -26.277
153.639 688.936 -21.4784 3.83391
796.33 843.861 2.07389 -6.10692
320.009 854.172 16.0525 18.9537
187.936 1044.48 -25.6954 14.2156
1212.42 948.944 10.7733 16.5617
1038.5 553.002 -1.01324 5.66964
269.33 587.351 -18.3359 -1.44165
334.99 169.779 -7.77265 -29.8548
1209.67 140.161 -22.4638 -1.91388
153.638 70.9427 -40.1941 -26.1465
146.758 402.032 -4.59695 27.3202
580.752 315.583 -0.44814 17.5998
1141.84 818.561 -24.9344 -12.9058
979.857 237.42 -20.754 22.8651
1075.71 736.287 8.13191 1.36409
760.937 362.168 10.9466 -11.7699
504.646 1000.81 -12.6207 14.4266
1202.72 628.18 9.47176 3.63721
825.22 240.548 14.4086 22.0442
814.106 946.234 3.97564 -1.87331
648.161 113.659 19.4933 -11.5755
148.729 276.418 3.95622 -13.3487
49.809 1225.42 -21.9975 -25.6375
301.532 175.039 -7.35337 8.18772
169.977 380.643 -28.2317 -8.65217
852.006 834.454 -0.133236 9.62263
709.69 654.22 3.37647 0.245482
553.111 665.192 2.8385 2.41317
769.849 1087.76 -3.4429 -11.4512
653.246 307.712 11.8887 14.0083
453.029 949.641 3.38192 -8.15703
655.23 169.466 10.6049 -9.40431
1073.04 1031.93 -2.30019 9.4491
1023.44 1197.21 28.3673 -21.9141
1142.52 916.266 19.3526 19.8761
103.785 417.134 13.385 -18.1285
490.319 376.451 -11.8467 13.2519
495.216 186.869 -23.7625 -14.446
1157.31 452.651 7.07205 6.29278
1058.07 421.606 25.4121 12.9479
1195.21 520.384 15.2817 -8.28498
239.722 54.784 23.6331 -21.5034
971.725 1095.07 -15.8376 27.5832
198.281 422.04 24.879 2.44694
201.443 109.032 -20.8818 -30.0508
92.044 417.343 19.539 11.3519
664.777 1141.34 22.0817 20.8435
255.642 1117.04 -22.3276 -7.37114
1097.78 83.0958 -37.9702 -31.3762
745.681 928.007 0.278718 -18.2037
124.998 1187.11 -32.8314 9.03502
65.1601 212.285 -21.7472 6.67572
288.202 577.909 6.78814 18.189
477.911 1108.3 9.34169 -9.44786
54.2228 105.929 -34.609 -25.5869
523.449 19.1766 -14.5591 -0.193834
1067.37 577.582 -19.347 -3.85453
447.016 833.297 -14.7391 -2.74493
257.067 215.6 -30.9774 0.608601
690.487 325.905 -1.16404 -7.79686
495.975 781.035 10.2882 -2.1679
669.354 1131.78 -15.0027 25.7095
107.009 274.204 33.6082 -11.2495
1239.51 479.855 -33.128 8.67278
1241.84 344.743 -7.10891 31.1318
798.422 1145.3 -14.4884 -27.1849
360.228 996.413 14.3849 22.0243
506.79 30.0569 -3.91356 -15.3614
51.3427 1172.97 -31.1658 -14.3067
50.3232 1113.1 -41.6477 -25.7405
172.399 671.503 -1.74302 18.1172
296.397 747.626 16.4129 -7.6443
995.424 692.579 -12.5896 -20.644
272.989 1125.87 8.05685 17.5664
293.713 118.901 19.5392 22.7016
419.677 997.458 -10.9138 18.7137
338.888 76.5678 18.9803 17.5373
1040.64 7.47929 25.7039 -9.62482
581.947 920.809 -2.07336 -7.92566
468.055 768.95 -10.1956 -1.65895
41.6295 915.707 30.4449 -6.2494
1059.72 178.732 -22.7139 6.28284
113.277 646.444 16.8521 1.0701
1190.31 97.5956 29.9269 16.6483
867.34 637.313 5.33839 9.21163
979.237 48.0744 33.1105 -15.0913
221.492 322.964 7.41869 -14.298
47.4782 252.792 13.6399 3.43478
455.051 82.3157 -16.3351 -18.7924
737.784 449.61 1.18497 -5.54027
328.854 247.694 -24.2317 -2.11608
666.137 386.371 -8.42533 2.61704
742.24 1171.73 -23.3102 28.6643
338.141 256.728 0.40303 -11.2034
1169.34 352.794 31.4497 18.4878
453.054 1062.39 8.10721 21.3699
538.351 1104.43 -6.48657 12.2403
1161.98 977.782 34.5055 0.551989
908.52 566.652 -0.720369 1.52652
987.666 934.528 -17.348 20.3366
1052.36 168.066 11.5737 27.8993
953.767 149.367 11.1756 -12.3147
381.1 496.669 14.2806 -9.96827
1129.54 226.244 12.6681 -10.5574
240.439 456.5 -21.476 -9.20123
220.481 352.688 15.1228 -8.05027
101.694 1175.88 38.4606 -20.9405
593.93 187.759 -23.8758 16.8148
1134.06 532.467 -3.17601 13.2678
374.416 931.208 18.6884 -7.23224
432.477 521.888 8.89347 -0.194559
305.461 404.438 -0.723393 7.36598
277.888 100.219 -34.961 33.2443
279.424 325.221 9.36018 7.15067
1038.95 488.797 -19.5894 -16.9623
523.124 990.591 -10.4223 -0.230509
432.673 977.371 17.6889 8.22074
668.173 894.328 -12.8671 -3.23455
337.599 787.228 -2.58463 -7.26511
228.6 1000.96 -7.59663 28.7105
765.873 136.77 26.1445 -9.72694
550.853 527.614 -3.20806 2.29618
1090.55 717.165 -14.9838 18.2525
530.163 269.906 6.39329 10.5755
1204.76 556.395 0.997721 -7.33063
183.939 461.933 13.3796 11.6316
120.309 708.65 18.8022 -11.1922
966.063 99.7636 -4.22591 24.7952
682.011 1004.64 -16.3875 -3.38694
953.52 816.853 19.3297 -14.3641
712.189 952.25 17.7276 10.9454
142.702 939.927 1.04641 13.6261
405.484 1115.39 26.8543 -5.86031
1082.86 1019.09 -6.93382 7.31313
759.87 500.77 -8.49861 3.97967
662.335 69.157 23.0828 19.0844
5.28005 87.61 -38.621 9.95093
52.1931 597.098 2.54504 24.8091
1112.15 27.6797 -27.4142 13.4789
408.607 983.644 -19.1859 -5.11283
594.505 88.1881 10.0333 0.229221
999.696 22.5422 -36.6566 9.07789
950.697 796.443 17.84 14.8902
817.323 256.376 9.8821 1.61681
428.76 283.866 16.4667 -14.7126
345.379 549.221 -4.83266 -13.1442
928.846 19.6974 -14.5261 -12.5858
1025.51 501.782 -6.01235 9.73335
333.974 315.115 -4.84206 9.82079
1201.43 684.566 -15.0316 31.2548
594.375 309.57 15.6355 -11.4517
531.497 581.534 -0.885599 -4.33051
1244.23 264.288 17.7406 38.601
581.297 7.58759 -3.29836 14.732
746.895 788.202 2.39921 2.83607
1207.22 277.196 22.8436 -6.3214
577.524 1015.3 0.603962 -2.69972
656.887 858.445 11.3598 11.0616
734.275 1191.4 19.5115 14.6694
661.349 600.628 -0.334846 0.513472
789.853 344.233 0.609218 -15.2214
712.664 294.328 -3.83198 -12.2043
783.713 301.985 3.99188 -15.9477
540.387 557.611 5.53117 2.51292
276.418 821.365 5.53916 -2.16298
1021.67 874.474 15.524 20.6033
858.616 610.019 3.26301 -13.0459
1242.69 165.765 -26.2949 -39.2029
599.25 97.2792 -9.99038 -13.753
122.87 339.302 19.6582 19.5595
614.225 1151.77 19.8729 1.33287
720.239 804.743 -8.92205 -0.171248
34.1251 440.434 -28.603 -13.1548
443.856 981.228 18.3018 -8.27645
923.637 720.54 5.20359 15.1677
66.4452 12.7066 0.766676 -9.31013
549.659 174.444 10.0674 -14.134
1020.18 552.43 -5.40503 -4.73919
79.6277 781.996 -19.9094 2.88113
1088.01 316.477 -3.22529 -17.986
681.81 700.722 -0.322849 5.21886
902.766 1035.47 14.4698 -12.9598
247.195 1040.71 12.5132 -5.74591
569.145 997.651 2.71348 -2.46215
1018.17 690.893 -8.13174 -18.6747
752.962 599.745 -4.14784 -7.18962
712.911 676.761 4.21646 -1.48405
683.745 834.915 -1.36166 -9.85196
1003.48 978.289 2.44904 -12.6022
920.268 1140.1 -2.89325 -14.7872
1145.67 1137.79 -37.1981 3.93613
653.683 900.614 14.7742 -1.19929
697.106 132.126 -13.2416 -3.14568
909.529 632.137 -14.5086 5.53593
1226.8 190.699 -0.941771 17.43
63.8173 795.095 0.811717 -23.2231
142.758 59.3182 7.31548 9.82707
24.5426 600.335 -5.28287 32.7318
526.7 511.046 1.19615 -2.13153
1050.89 744.143 -15.3964 10.0564
683.132 459.499 -2.27141 0.55161
652.47 1039.04 0.192661 -13.369
1236.2 645.437 32.7418 -27.4996
663.326 437.649 2.17481 7.79383
143.186 468.365 12.2118 -3.29441
1069.96 1116.71 -5.17605 -20.514
958.707 360.629 -6.34016 -21.8865
765.349 1150.42 -28.5088 28.4588
280.933 531.158 -3.33942 -19.2019
504.227 884.825 -9.8808 6.80868
991.656 216.291 29.6709 -5.66769
1066.14 527.893 -4.38383 -17.2766
1112.25 158.05 10.0348 -30.8347
963.938 394.953 -7.23533 -19.7879
1185.51 1200.8 -41.4593 35.3245
180.225 700.918 14.2009 -12.0982
828.003 73.2116 7.65067 31.8085
758.04 266.67 8.24825 3.09817
468.523 1034.84 -23.6564 21.5919
521.088 973.703 4.18536 -1.18518
976.25 1025.5 -13.5296 29.7902
764.774 997.549 22.4385 2.14979
1091.85 1068.2 27.8072 11.4852
12.927 1196.87 45.7441 -47.3203
277.664 678.287 7.21472 -19.0698
437.684 366.878 -16.5014 -10.5953
878.459 934.763 17.7738 -4.00402
282.887 13.491 31.4334 -16.4215
257.408 843.92 14.8657 -6.30523
144.864 1117.65 23.293 28.5712
765.504 510.345 -8.98287 9.06674
349.596 1119.54 2.74319 -15.4474
209.412 1101.82 -1.66618 -4.47606
979.426 778.81 21.3744 -17.8728
280.685 26.9204 35.3418 1.41241
533.2 656.221 3.12779 -2.07884
218.594 441.004 -12.8638 14.9547
269.001 953.947 11.6192 -14.7744
104.856 653.842 4.19652 11.8347
592.985 213.06 11.2101 15.2298
1125.36 301.025 19.0619 11.3838
1190.61 589.629 7.68895 -1.32081
643.752 322.327 7.25692 6.27559
1052.81 130.937 7.92862 -30.7784
271.514 546.676 4.8705 7.63562
1081.5 233.299 -19.3759 -26.8488
444.336 597.697 10.3096 -9.1367
1172.18 551.942 23.8544 6.49755
403.336 93.6634 16.4798 22.678
667.961 1074.02 -24.5719 -25.4369
129.701 1170.19 -22.8164 -34.5787
359.371 882.815 6.94051 6.75597
440.795 1171.56 14.4857 31.831
628.46 596.796 -1.36651 -0.571387
272.55 786.063 -5.23767 1.71287
1173.1 1234.23 45.8872 11.0228
1151.97 422.72 24.7844 14.4001
1015.65 885.901 5.63653 11.1923
227.666 835.839 11.6337 -10.322
287.465 714.053 -4.21615 5.48636
552.569 684.942 -1.40108 1.8884
696.615 149.093 -20.9301 -12.1054
914.668 346.009 -3.86067 -1.65071
1209.66 62.335 6.9406 13.6816
49.5592 774.963 -31.7366 -12.5401
485.584 1171.02 13.2823 22.3971
811 1203.64 0.26183 24.5712
1049.14 86.0478 18.6596 19.7648
200.699 90.3977 -34.286 -3.78384
631.31 243.719 -14.0036 0.474517
705.416 169.624 8.75733 15.7264
1124.1 640.546 -14.1827 -11.6856
433.371 353.047 -15.7339 -15.6527
503.001 391.355 9.44863 -0.542052
1098.63 275.451 10.2532 14.386
355.649 950.989 21.9218 -21.1923
517.762 565.536 -2.47725 0.423551
373.269 606.021 -8.95491 -7.95677
56.9054 64.0596 39.6461 34.2069
8.31334 129.589 39.3768 -4.05257
803.384 704.799 -8.5145 -8.2124
721.568 848.895 -6.79936 3.46228
60.7613 1083.59 -30.0944 -29.1665
776.613 126.814 2.42238 -18.4628
120.106 948.755 16.4728 18.5513
890.596 148.855 10.3348 21.3229
710.222 1088.48 6.7999 -1.81353
844.195 773.932 -0.349949 10.2432
1186.31 1095.21 -7.38179 -18.4864
602.397 524.457 5.7632 3.83551
231.037 576.306 -20.3538 -17.0127
1070.08 703.808 18.7248 -19.2805
80.3621 919.456 19.4603 17.4182
762.713 630.853 2.15212 7.41034
859.221 522.968 -8.22658 -12.4657
848.495 1162.54 -27.1201 -31.6813
120.497 225.601 -29.3402 7.12436
981.426 185.056 18.3619 -20.0459
147.416 444.335 -12.5557 20.6694
551.438 116.902 -13.3593 0.74558
488.62 1218.92 13.9122 -17.8029
1016.8 1221.63 -25.1223 -26.627
81.7457 1237.67 30.6713 -32.2264
427.732 1213.26 -0.979148 5.80436
1191.99 757.259 -9.79066 -32.6748
284.535 488.847 -14.5387 2.87684
1072.83 1105.23 27.3826 -4.17191
749.32 69.4017 -29.548 -0.539688
732.861 159.87 14.116 -0.00722209
155.358 423.664 -5.79775 -12.5681
168.372 660.077 3.34341 6.39243
658.561 1105.34 -21.7696 8.27825
668.912 423.447 -11.6072 -9.03015
216.959 343.281 -14.3054 10.8937
132.2 40.1913 -9.1574 10.035
254.683 381.985 20.1557 1.9451
521.098 542.996 2.27477 -0.836507
39.6781 1068.2 -34.3193 -21.981
630.432 659.475 -1.91845 0.0776385
863.119 217.195 15.5908 -19.4383
794.457 979.846 -22.0848 16.5513
164.522 622.824 6.03907 15.0942
753.538 541.433 6.03535 4.76631
74.917 857.473 -18.278 23.1442
692.316 91.4511 -9.65769 -27.2252
1110.09 899.839 6.37461 -11.1139
400.491 186.688 3.33562 -27.5002
991.547 70.9703 22.3894 -36.9609
152.538 597.582 -18.7548 18.2381
1200.27 1193.26 -14.5734 -35.6376
1046.87 26.2605 3.08483 28.8738
846.241 678.541 -10.8915 -8.85113
366.897 808.921 1.03583 -3.50304
1062.34 1029.69 17.5842 24.9318
971.119 905.893 -0.724335 -8.96137
230.231 66.0515 5.20654 -10.0781
965.66 788.855 -1.32271 8.35479
86.1973 1057.94 -5.67361 29.1448
846.824 1093.08 -20.6618 13.3688
1012.63 57.5169 -24.0493 -4.2962
357.474 582.684 -2.8277 -11.2339
888.197 11.0424 10.5079 13.4557
429.978 601.565 2.70162 5.74887
1040.93 833.355 25.3789 -16.9647
1078.61 1055.72 -7.8773 0.323322
823.562 83.2784 -0.703993 7.92386
8.06126 106.961 40.955 15.5395
883.489 1063.84 4.50734 3.21614
442.822 889.722 14.0529 -3.04633
820.621 129.658 -3.64505 14.4599
397.98 1107.75 -3.54652 -19.8674
582.297 951.194 6.07635 14.2094
861.144 719.007 2.29511 8.36708
376.178 763.824 -4.04214 -6.56354
1089.3 1044.13 -9.55902 18.1306
191.592 647.758 -22.6868 21.676
1149.66 881.836 20.9121 2.31737
792.871 883.334 -3.62088 -0.927707
277.416 88.7055 19.0043 17.2115
1159.07 1177.06 -18.5414 -4.53724
472.517 1200.14 -28.1272 26.8406
559.476 438.672 -0.600833 -9.84299
140.559 21.4088 0.865472 -39.0063
747.657 364.681 -1.585 -0.0770627
302.136 391.372 3.54819 -9.05616
808.708 956.907 16.0827 6.92648
321.079 571.818 -11.2277 4.33014
398.31 434.2 -6.04933 -2.589
154.76 12.9424 17.5202 33.7221
860.784 348.728 19.7685 1.73656
239.406 292.076 -26.0584 2.69308
621.779 1211.43 24.1947 -32.5403
226.324 923.552 19.2473 23.9117
431.067 865.301 10.726 11.8021
351.833 371.821 2.47326 -10.1356
755.448 650.817 2.88037 -2.31738
935.074 168.701 22.7699 -3.50458
1081.36 69.5513 -30.6226 -30.2964
311.056 204.675 22.8892 15.8857
762.855 1231.95 18.2062 17.125
823.136 185.102 -11.7187 -15.0337
8.93225 491.565 23.5853 -15.4325
502.042 670.723 -2.78291 -1.34577
464.132 716.092 4.45882 8.35245
652.306 1004.3 -20.9757 8.80584
658.639 329.76 -1.65005 -4.32503
1227.42 302.526 -36.5601 -27.6691
889.983 865.813 -8.44184 3.45935
8.37467 570.791 34.9617 -31.7393
607.022 52.8736 32.1173 7.85811
313.703 32.012 -10.9385 -31.6165
590.091 1144.23 -18.4307 -7.1591
1221.96 702.656 30.7479 -32.6897
266.604 799.258 -1.34482 -12.0492
363.496 391.976 -3.99815 -11.5774
125.97 958.493 19.9575 4.31311
884.823 388.159 -18.8608 -5.96375
491.382 326.584 0.588862 7.5582
433.607 737.973 11.3309 -9.6908
792.84 819.215 -11.1256 -1.44614
915.902 82.4497 2.58782 32.1367
1109.73 72.164 17.3053 -1.49585
759.614 684.595 -2.94886 -3.91098
1224.88 513.438 22.9942 30.7322
778.267 483.819 11.2089 4.19097
1161.98 934.453 29.9659 -21.1594
1162.5 733.103 8.33767 23.4876
1151.71 1073.65 -13.7781 8.02614
53.3436 297.827 -7.11015 -19.5821
307.495 1192.16 35.9055 24.3501
945.804 258.385 -22.4404 6.64303
584.163 1153.94 -2.71871 12.1973
637.339 613.9 -0.933889 -0.0613398
1090.68 152.905 8.03975 -0.294042
652.217 467.647 4.51824 -0.930175
272.74 350.281 -9.2415 10.4602
945.601 63.0636 -28.7431 27.6551
603.697 302.043 -11.0605 13.0331
801.138 602.571 1.35163 -3.03311
89.0791 141.043 37.084 -31.4831
904.187 620.548 10.741 14.6802
497.628 956.014 3.33538 5.91539
707.416 368.695 6.27542 7.9757
683.929 308.004 12.883 14.7632
551.408 1106.8 -6.35488 17.6626
400.192 372.702 8.19739 4.28217
922.039 864.581 8.81696 6.22842
1033.74 606.997 -0.810917 6.94068
652.084 1062.11 0.672939 15.775
797.636 296.651 1.99578 -0.4084
312.862 14.9072 0.0320907 -11.94
578.707 675.765 -0.297165 1.22458
372.924 875.591 17.0658 -4.2058
232.824 37.3208 20.2504 -32.9956
716.166 561.546 -5.19615 -2.12718
137.403 922.804 4.61491 31.5431
94.2014 470.318 -3.35417 -18.3732
898.965 294.939 -6.44838 -8.74068
46.9875 1158.91 -18.1176 19.9499
710.527 1167.72 0.361688 -19.6569
132.209 222.613 -29.7806 25.1472
334.214 947.272 7.69016 -14.926
308.991 248.562 9.58536 -3.95237
205.453 745.8 -20.757 -24.1527
327.366 417.81 12.012 -19.6992
214.912 62.5041 -1.49727 -12.9283
701.48 971.603 -7.81565 2.21633
48.1698 227.857 -31.1524 4.9194
431.178 669.414 6.73631 1.48346
1068.66 758.656 5.81079 7.19781
663.043 268.618 13.617 8.53166
760.986 238.61 -18.7018 -16.4295
1110.5 1209.01 -5.70002 37.866
894.804 60.233 19.159 1.31607
937.857 545.3 -16.0084 0.184984
332.247 56.4104 -30.9976 34.2404
560.941 532.294 -2.07319 -1.23732
306.04 574.444 9.79589 6.5218
176.865 1190.72 -34.2435 -31.6947
1204.16 238.3 -13.2459 -10.2415
1138.02 202.656 20.7715 6.93363
82.8199 237.019 3.09878 -24.5451
823.871 38.9561 34.3528 -32.8806
344.855 450.038 -7.88021 -2.48586
705.933 139.929 -3.98638 -26.3873
291.534 53.9516 2.32173 29.1656
730.287 382.149 -6.96287 13.7844
167.154 160.669 32.9217 -12.6721
715.256 84.1687 0.895361 6.96423
57.5362 91.8765 32.5617 -13.52
265.569 81.8741 12.6564 2.82744
832.094 938.351 1.1146 9.81015
598.998 1190.61 -0.449549 3.14477
1059.73 916.509 11.8855 4.50707
1213.62 970.409 37.4372 33.0578
740.143 627.677 2.29455 -5.94877
471.186 521.987 -8.09027 -7.53557
753.489 118.454 -13.1474 -22.5188
1048.5 561.368 8.63296 16.775
196.63 775.618 9.85375 5.78168
718.098 1218.4 -19.0372 -8.89457
876.636 1003.54 -6.58949 -15.1869
83.3678 24.0276 40.924 -25.1963
36.3302 635.782 13.5637 -6.56063
1161.59 128.546 38.5107 -15.6913
628.335 1108.74 22.4805 -7.40069
1096.76 122.273 29.5151 -4.17728
1150.47 124.758 -34.8475 -39.1202
1038.19 316.047 4.11841 13.036
1064.81 232.747 -24.8247 29.9543
737.165 1145.87 3.40108 14.056
246.005 864.547 2.45211 -12.0612
957.468 1153.71 -31.9056 -34.2465
894.235 996.306 12.6292 -3.04555
811.904 1160.32 -8.0523 -8.59963
889.702 279.132 16.9405 8.58617
1189.01 187.952 -17.6322 -20.2577
741.55 207.293 22.2959 1.26083
1180.68 328.798 -32.5485 8.71845
806.2 685.76 -5.03666 4.91149
987.154 451.975 15.0382 -8.27547
16.8712 876.332 -12.3332 -17.0705
967.083 1150.34 7.21663 -22.8192
27.7714 618.813 26.3205 26.698
812.751 332.388 3.301 -5.73885
822.197 1067.53 -19.1011 4.53267
562.294 378.942 8.43101 12.7679
1042.06 735.51 -10.1205 -4.35958
1058.05 866.237 11.7842 -15.4297
880.662 115.061 8.71238 -1.20741
1199.55 890.537 4.92007 -8.7221
287.176 1190.17 36.7251 -8.74477
823.063 508.801 12.4025 4.8154
112.837 481.847 19.9675 18.1163
139.547 338 0.155914 -0.566784
776.557 345.542 -9.01795 -10.2153
1141.32 956.128 23.8722 -25.9218
148.736 872.93 28.3677 6.50192
543.727 484.541 1.77261 -2.5082
152.363 388.717 12.9176 -29.3186
1007.74 451.049 -22.2061 -10.7876
497.464 344.198 -4.06262 9.95171
10.1825 8.82934 29.8282 -18.3537
1110.8 1001.99 -1.7595 -17.2887
1009.14 100.288 -8.44291 -30.6549
1074.79 17.3379 26.1015 4.00133
206.049 1080.36 16.0799 22.9745
67.9939 919.651 31.4497 -32.873
742.301 528.4 3.59491 -6.07194
947.681 229.788 -25.3442 -12.2582
